   0.0000000000000000       -5.5927765290433353E+050
   3.8337002949891548E-003  -4.6251850664782158E+050
   6.9512812310700070E-003  -4.0067448406268036E+050
   1.0118903343305894E-002  -3.5033797109788854E+050
   1.3337651218844913E-002  -3.0981987736899817E+050
   1.6609454325148994E-002  -2.7766694893854060E+050
   1.9936558250478985E-002  -2.5263595311271707E+050
   2.3218535323661308E-002  -2.3415154517698094E+050
   2.5502579815349504E-002  -2.2432337353596585E+050
   2.7813942432671050E-002  -2.1653865170877280E+050
   3.0153384086680252E-002  -2.1058397626152729E+050
   3.2540238608388790E-002  -2.0623756684391427E+050
   3.4992419473116050E-002  -2.0334296676219421E+050
   3.7511002974435104E-002  -2.0179711967361806E+050
   4.0078535770540075E-002  -2.0149694487915340E+050
   4.2695909211506344E-002  -2.0232025600823571E+050
   4.5356110523440213E-002  -2.0414837480474841E+050
   4.8056402137717467E-002  -2.0686348951555285E+050
   5.0799041578378258E-002  -2.1036178890140460E+050
   5.3582293466736979E-002  -2.1454526989924143E+050
   5.6407523071827760E-002  -2.1932847247477408E+050
   5.9276173069883337E-002  -2.2463401655763336E+050
   6.2189806844948618E-002  -2.3039206867982758E+050
   6.5150233996513901E-002  -2.3654167384276874E+050
   6.8159326398892342E-002  -2.4302824009054408E+050
   7.1219041117406984E-002  -2.4980339951584368E+050
   7.4331496885963605E-002  -2.5682443981536880E+050
   7.7499045533321820E-002  -2.6405277366823608E+050
   8.0724228659586811E-002  -2.7145406240571146E+050
   8.4009647978998042E-002  -2.7899778013587849E+050
   8.7358124206297530E-002  -2.8665641932207684E+050
   9.0772687423055554E-002  -2.9440490634824093E+050
   9.4256464780152732E-002  -3.0222106926955721E+050
   9.7812873337940059E-002  -3.1008622695988247E+050
  0.10144608486309069       -3.1798584468603865E+050
  0.10516061944256422       -3.2590714494973295E+050
  0.10896166529503286       -3.3383865842163394E+050
  0.11285529501217793       -3.4177046324488259E+050
  0.11684824728452659       -3.4969535600443243E+050
  0.12094801989206296       -3.5760775447382214E+050
  0.12516297225084461       -3.6550361915037303E+050
  0.12950276761593052       -3.7337987955205453E+050
  0.13397889202508600       -3.8123595932361382E+050
  0.13860480457741242       -3.8907244905034868E+050
  0.14339662733564815       -3.9689229991031430E+050
  0.14837424214405390       -4.0470095124108336E+050
  0.15356230163998469       -4.1250661240178199E+050
  0.15897338538990427       -4.2029535597515064E+050
  0.16437856692443878       -4.2772618585653508E+050
  0.16971505969208686       -4.3473184404789191E+050
  0.17498624248757791       -4.4134196064439782E+050
  0.18019419900279801       -4.4758032228195236E+050
  0.18534092705946781       -4.5346951758836297E+050
  0.19044434715011654       -4.5904772016382865E+050
  0.19561600423921557       -4.6444371407484742E+050
  0.20092395826720685       -4.6972179993681531E+050
  0.20640441549361138       -4.7490445341539612E+050
  0.21201580691449676       -4.7993998322839080E+050
  0.21775751878452390       -4.8481948955296324E+050
  0.22371680284617901       -4.8960349590037016E+050
  0.22982412443325645       -4.9422236311652816E+050
  0.23607734750605830       -4.9866631701263740E+050
  0.24251757440650037       -5.0295447645885740E+050
  0.24913042251757878       -5.0706598753356056E+050
  0.25592047281026864       -5.1099402320383666E+050
  0.26294032790256822       -5.1475792281218092E+050
  0.27016339106562565       -5.1833320202980363E+050
  0.27756441083182837       -5.2169955444127554E+050
  0.28519245053704789       -5.2486790022951639E+050
  0.29305859775653820       -5.2782757925578394E+050
  0.30104932513800364       -5.3052499883929291E+050
  0.30899380350564215       -5.3289726348425759E+050
  0.31669602857429507       -5.3489873005858188E+050
  0.32436320027121041       -5.3710291304961773E+050
  0.33350938203868408       -5.3961417743830963E+050
  0.34289688144404867       -5.4188980214926133E+050
  0.35259130895690349       -5.4396728474769487E+050
  0.36254920530976698       -5.4582137075310423E+050
  0.37276489116157668       -5.4747342421018584E+050
