   0.0000000000000000        2.0654862878292198E+034
   3.8337002949891548E-003   2.0723150826418118E+034
   6.9512812310700070E-003   2.0772370377619583E+034
   1.0118903343305894E-002   2.0817312562234262E+034
   1.3337651218844913E-002   2.0858317488528804E+034
   1.6609454325148994E-002   2.0895704238480642E+034
   1.9936558250478985E-002   2.0929768900383594E+034
   2.3218535323661308E-002   2.0959893456356324E+034
   2.5502579815349504E-002   2.0979021682979290E+034
   2.7813942432671050E-002   2.0996979970024726E+034
   3.0153384086680252E-002   2.1013834539337369E+034
   3.2540238608388790E-002   2.1029767282740806E+034
   3.4992419473116050E-002   2.1044912479787434E+034
   3.7511002974435104E-002   2.1059281002212543E+034
   4.0078535770540075E-002   2.1072792437963706E+034
   4.2695909211506344E-002   2.1085483531793302E+034
   4.5356110523440213E-002   2.1097356437734765E+034
   4.8056402137717467E-002   2.1108440266844571E+034
   5.0799041578378258E-002   2.1118784832519983E+034
   5.3582293466736979E-002   2.1128422651458581E+034
   5.6407523071827760E-002   2.1137396456647022E+034
   5.9276173069883337E-002   2.1145746420417493E+034
   6.2189806844948618E-002   2.1153510180811469E+034
   6.5150233996513901E-002   2.1160722521761541E+034
   6.8159326398892342E-002   2.1167416220398584E+034
   7.1219041117406984E-002   2.1173622230458438E+034
   7.4331496885963605E-002   2.1179369648029249E+034
   7.7499045533321820E-002   2.1184685586945966E+034
   8.0724228659586811E-002   2.1189594808373726E+034
   8.4009647978998042E-002   2.1194120461566946E+034
   8.7358124206297530E-002   2.1198283949732642E+034
   9.0772687423055554E-002   2.1202104972943555E+034
   9.4256464780152732E-002   2.1205601534579370E+034
   9.7812873337940059E-002   2.1208791825673452E+034
  0.10144608486309069        2.1211692400335234E+034
  0.10516061944256422        2.1214318678947481E+034
  0.10896166529503286        2.1216685070297286E+034
  0.11285529501217793        2.1218804208147386E+034
  0.11684824728452659        2.1220687578036937E+034
  0.12094801989206296        2.1222345324471539E+034
  0.12516297225084461        2.1223786331119292E+034
  0.12950276761593052        2.1225018236582789E+034
  0.13397889202508600        2.1226046901276619E+034
  0.13860480457741242        2.1226876868454597E+034
  0.14339662733564815        2.1227510966213250E+034
  0.14837424214405390        2.1227949488927316E+034
  0.15356230163998469        2.1228190099777456E+034
  0.15897338538990427        2.1228227205354207E+034
  0.16437856692443878        2.1228079722090469E+034
  0.16971505969208686        2.1227791973210646E+034
  0.17498624248757791        2.1227378204332295E+034
  0.18019419900279801        2.1226848983038941E+034
  0.18534092705946781        2.1226213762632703E+034
  0.19044434715011654        2.1225478362212252E+034
  0.19561600423921557        2.1224630315083244E+034
  0.20092395826720685        2.1223657357216547E+034
  0.20640441549361138        2.1222549097730205E+034
  0.21201580691449676        2.1221310954662231E+034
  0.21775751878452390        2.1219942207402347E+034
  0.22371680284617901        2.1218419776971926E+034
  0.22982412443325645        2.1216759549138289E+034
  0.23607734750605830        2.1214962782976026E+034
  0.24251757440650037        2.1213018221781694E+034
  0.24913042251757878        2.1210931292425873E+034
  0.25592047281026864        2.1208703026345967E+034
  0.26294032790256822        2.1206319551277414E+034
  0.27016339106562565        2.1203797078709332E+034
  0.27756441083182837        2.1201154567963451E+034
  0.28519245053704789        2.1198384635858639E+034
  0.29305859775653820        2.1195496805105093E+034
  0.30104932513800364        2.1192554733751263E+034
  0.30899380350564215        2.1189631642199828E+034
  0.31669602857429507        2.1186747285149868E+034
  0.32436320027121041        2.1182022531204853E+034
  0.33350938203868408        2.1175940116088987E+034
  0.34289688144404867        2.1169662761879027E+034
  0.35259130895690349        2.1163077671045195E+034
  0.36254920530976698        2.1156167589021950E+034
  0.37276489116157668        2.1148946198787709E+034
  0.38329923347662126        2.1141362927152086E+034
  0.39412565080272577        2.1133423164015788E+034
  0.40532851363765976        2.1125045624860523E+034
  0.41687593653697130        2.1116235336855237E+034
  0.42878361979148166        2.1106974196183159E+034
  0.44106614148815326        2.1097256461359167E+034
  0.45369458144010566        2.1087114613574688E+034
  0.46667433648470169        2.1076550429786910E+034
  0.48014943671345378        2.1065446135660151E+034
  0.49401692064276909        2.1053878559763371E+034
  0.50833799259506429        2.1041797051184707E+034
  0.52313725784011467        2.1029202573024249E+034
  0.53832075024273052        2.1016202432262823E+034
  0.55398626564894848        2.1002734973161209E+034
  0.57014814861298879        2.0988801446890386E+034
  0.58680188498219121        2.0974399014830544E+034
  0.60405279119154964        2.0959426852426049E+034
  0.62174920025384051        2.0944014691145991E+034
  0.64005896520632954        2.0928014546825577E+034
  0.65891336730044980        2.0911493192064305E+034
  0.67832833648076307        2.0894430717559346E+034
  0.69840030849285295        2.0876676642970248E+034
  0.71909499446211622        2.0858224953533855E+034
  0.74050946865508760        2.0839145447632222E+034
  0.76253857371755163        2.0819749280744504E+034
  0.78535047096822763        2.0799963281865082E+034
  0.80882878834090399        2.0779869888924555E+034
  0.83298861122907730        2.0759451080764817E+034
  0.85790645763124185        2.0738705984915709E+034
  0.88348778336022682        2.0717806566563981E+034
  0.90993132962626466        2.0696674255787255E+034
  0.93708773216952668        2.0675491233439338E+034
  0.96516000646245559        2.0654158226532037E+034
  0.99413999025021216        2.0632758692163987E+034
   1.0239301994830201        2.0611444499106325E+034
   1.0546545284898978        2.0590152636173440E+034
   1.0861325668569581        2.0568959060600288E+034
   1.1187421934267274        2.0547681194414476E+034
   1.1521162329090788        2.0526527019582845E+034
   1.1865880249826990        2.0505083654634079E+034
   1.2219637444248335        2.0483319497432825E+034
   1.2582551006056142        2.0460941948150067E+034
   1.2956338024088776        2.0437475430147755E+034
   1.3340263787285513        2.0413188751210756E+034
   1.3736093456658331        2.0388252254005873E+034
   1.4141660286259996        2.0362339682617504E+034
   1.4558639867482628        2.0334848139363524E+034
   1.4985974829998665        2.0305826096883385E+034
   1.5423203349690395        2.0275338173567649E+034
   1.5872518194864744        2.0243292205187055E+034
   1.6331695563222741        2.0209898236663514E+034
   1.6804375894717500        2.0174985431172146E+034
   1.7288509234807052        2.0139036501290060E+034
   1.7783459904605483        2.0101480654378662E+034
   1.8289496140325079        2.0061915688881385E+034
   1.8807183529007863        2.0020450829100149E+034
   1.9338495749991709        1.9977404792175551E+034
   1.9879210637400948        1.9933518624369797E+034
   2.0430850066975808        1.9888741369631794E+034
   2.0996896199253881        1.9842619258879699E+034
   2.1574137861052116        1.9795085986994920E+034
   2.2162275781264702        1.9745872930687351E+034
   2.2763435393944702        1.9694411793502555E+034
   2.3373292661301903        1.9640444718897298E+034
   2.3994248855939975        1.9582702162079824E+034
   2.4628499771136330        1.9519537856325276E+034
   2.5272614313418695        1.9451991673838659E+034
   2.5927485379257287        1.9379617444693657E+034
   2.6593355708777717        1.9304214794074352E+034
   2.7269054358661373        1.9226942930027368E+034
   2.7953528303732522        1.9147574368355471E+034
   2.8648725417040191        1.9065712599745681E+034
   2.9349852655435695        1.8982534875235490E+034
   3.0050712237265511        1.8899672347154337E+034
   3.0746937156732783        1.8818344580165511E+034
   3.1437251736371015        1.8738950216548221E+034
   3.2122321950456176        1.8661607123672394E+034
   3.2802248463970898        1.8587565827517227E+034
   3.3476815679672849        1.8518389473325156E+034
   3.4154847223376983        1.8453980743899707E+034
   3.4848386099428321        1.8393447583244061E+034
   3.5543892516919264        1.8337733546309603E+034
   3.6235018152211058        1.8286678794249488E+034
   3.6922409776297132        1.8239512966068385E+034
   3.7606649407225388        1.8195578944461514E+034
   3.8288236943785106        1.8154332706747269E+034
   3.8967600498588482        1.8115315556565604E+034
   3.9645109763920554        1.8078133552917560E+034
   4.0321076409811187        1.8042448376891066E+034
   4.0995754397844264        1.8007975720697134E+034
   4.1669334035848804        1.7974481502637807E+034
   4.2341950663665440        1.7941774218485493E+034
   4.3013694180788686        1.7909693560912403E+034
   4.3684619445506527        1.7878098914135194E+034
   4.4354752486741091        1.7846861957824626E+034
   4.5024093087420516        1.7815865351225748E+034
   4.5692613751020996        1.7785006367536792E+034
   4.6360258319638481        1.7754202362762167E+034
   4.7026944868334324        1.7723393778571508E+034
   4.7692574765927072        1.7692542188726991E+034
   4.8357044134022438        1.7661625104435693E+034
   4.9020252596677727        1.7630630801878091E+034
   4.9682107878726773        1.7599554641266750E+034
   5.0342527634578431        1.7568396644394594E+034
   5.1001439859038502        1.7537159896106191E+034
   5.1658782484413974        1.7505849587088279E+034
   5.2314502579133144        1.7474472496263827E+034
   5.2968555528118042        1.7443036641100564E+034
   5.3620904352060510        1.7411550931709893E+034
   5.4271519106696893        1.7380024828403540E+034
   5.4920376268438567        1.7348468064601407E+034
   5.5567458087494019        1.7316890464721461E+034
   5.6212751946133581        1.7285301841857622E+034
   5.6856249761916695        1.7253711942977279E+034
   5.7497947454095604        1.7222130411788678E+034
   5.8137844473905549        1.7190566745662373E+034
   5.8775943390676808        1.7159030229541541E+034
   5.9412249521227833        1.7127529839396525E+034
   6.0046770587709632        1.7096074120304871E+034
   6.0679516389979318        1.7064671055363482E+034
   6.1310498483488516        1.7033327946809231E+034
   6.1939729861204338        1.7002051328458069E+034
   6.2567224645402293        1.6970846920811088E+034
   6.3192997799579906        1.6939719630551924E+034
   6.3817064870612308        1.6908673587950148E+034
   6.4439441767815202        1.6877712210748447E+034
   6.5060144581792461        1.6846838281959276E+034
   6.5679189443560739        1.6816054030987681E+034
   6.6296592422410976        1.6785361211087228E+034
   6.6912369457595453        1.6754761169611208E+034
   6.7526536315565879        1.6724254909849106E+034
   6.8139108563207271        1.6693843144418828E+034
   6.8750101549424061        1.6663526340726102E+034
   6.9359530392317046        1.6633304759555388E+034
   6.9967409973670547        1.6603178488565974E+034
   7.0573754940772853        1.6573147472352009E+034
   7.1178579707054608        1.6543211538804058E+034
   7.1781898440135281        1.6513370419201584E+034
   7.2383725038723474        1.6483623760001165E+034
   7.2984073118645787        1.6453971128362180E+034
   7.3582956031701716        1.6424412017608108E+034
   7.4180386921892598        1.6394945858822639E+034
   7.4776378798013319        1.6365572040216460E+034
   7.5370944592950249        1.6336289930693518E+034
   7.5964097193518327        1.6307098902257121E+034
   7.6555849445473809        1.6277998347974767E+034
   7.7146214149701020        1.6248987695631182E+034
   7.7735204062825680        1.6220066419240754E+034
   7.8322831905242403        1.6191234050401196E+034
   7.8909110371320539        1.6162490189974397E+034
   7.9494052134599054        1.6133834519175893E+034
   8.0077669843739514        1.6105266808576029E+034
   8.0659976109090863        1.6076786923738835E+034
   8.1240983482536162        1.6048394826814358E+034
   8.1820704434015408        1.6020090573977964E+034
   8.2399151327723299        1.5991874309004005E+034
   8.2976336400142188        1.5963746253498654E+034
   8.3552271741478030        1.5935706694457829E+034
   8.4126969281537907        1.5907755969914063E+034
   8.4700440780633599        1.5879894453471982E+034
   8.5272697825608610        1.5852122538515399E+034
   8.5843751830735275        1.5824440622813264E+034
   8.6413614042863554        1.5796849094148612E+034
   8.6982295549948176        1.5769348317459752E+034
   8.7549807292104358        1.5741938623864698E+034
   8.8116160074282668        1.5714620301819583E+034
   8.8681364579643205        1.5687393590520019E+034
   8.9245431382787981        1.5660258675535867E+034
   8.9808370962202737        1.5633215686571085E+034
   9.0370193711322298        1.5606264697140986E+034
   9.0930909947738687        1.5579405725865664E+034
   9.1490529920301906        1.5552638739023708E+034
   9.2049063814014271        1.5525963653988491E+034
   9.2606521752754922        1.5499380343169982E+034
   9.3162913799969331        1.5472888638118294E+034
   9.3718249957593596        1.5446488333519001E+034
   9.4272540163576526        1.5420179190905437E+034
   9.4825794288380649        1.5393960942018013E+034
   9.5378022130886020        1.5367833291838790E+034
   9.5929233414105646        1.5341795921418081E+034
   9.6479437781123814        1.5315848490670917E+034
   9.7028644791630487        1.5289990641353725E+034
   9.7576863919356800        1.5264222000431002E+034
   9.8124104550648870        1.5238542184010456E+034
   9.8670375984322920        1.5212950801970592E+034
   9.9215687432876773        1.5187447463341654E+034
   9.9760048025053685        1.5162031782434880E+034
   10.030346680965813        1.5136703385649649E+034
   10.084595276041998        1.5111461918824830E+034
   10.138751478156740        1.5086307054942633E+034
   10.192816171368541        1.5061238501940807E+034
   10.246790233941951        1.5036256010363650E+034
   10.300674538862928        1.5011359380584515E+034
   10.354469954270350        1.4986548469360331E+034
   10.408177343782379        1.4961823195526711E+034
   10.461797566703062        1.4937183544687488E+034
   10.515331478099482        1.4912629572798105E+034
   10.568779928745002        1.4888161408583176E+034
   10.622143764931312        1.4863779254764267E+034
   10.675423828157950        1.4839483388106510E+034
   10.728620954712401        1.4815274158316728E+034
   10.781735975157487        1.4791151985841323E+034
   10.834769713745036        1.4767117358623223E+034
   10.887722987779323        1.4743170827890080E+034
   10.940596606958643        1.4719313003061551E+034
   10.993391372728508        1.4695544545892747E+034
   11.046108077683959        1.4671866163999450E+034
   11.098747505055451        1.4648278603938718E+034
   11.151310428304305        1.4624782644026179E+034
   11.203797610840287        1.4601379087062430E+034
   11.256209805859013        1.4578068753110048E+034
   11.308547756285593        1.4554852472422832E+034
   11.360812194803380        1.4531731078589750E+034
   11.413003843946495        1.4508705401925520E+034
   11.465123416239946        1.4485776263127546E+034
   11.517171614379725        1.4462944467226776E+034
   11.569149131451384        1.4440210797873497E+034
   11.621056651185627        1.4417576012008695E+034
   11.672894848248177        1.4395040834971535E+034
   11.724664388562381        1.4372605956094719E+034
   11.776365929668104        1.4350272024848692E+034
   11.828000121121560        1.4328039647603960E+034
   11.879567604928772        1.4305909385059893E+034
   11.931069015983059        1.4283881750320446E+034
   11.982504982461268        1.4261957207513551E+034
   12.033876126143021        1.4240136170800985E+034
   12.085183062653627        1.4218419003663580E+034
   12.136426401670509        1.4196806018450411E+034
   12.187606747142988        1.4175297476276217E+034
   12.238724697541612        1.4153893587350565E+034
   12.289780846098035        1.4132594511707822E+034
   12.340775780962984        1.4111400360156097E+034
   12.391710085231981        1.4090311195202495E+034
   12.442584336858566        1.4069327031807864E+034
   12.493399108544592        1.4048447838039141E+034
   12.544154967712934        1.4027673535871562E+034
   12.594852476608015        1.4007004002402411E+034
   12.645492192468573        1.3986439071545820E+034
   12.696074667643025        1.3965978535987427E+034
   12.746600449525610        1.3945622148991857E+034
   12.797070080285016        1.3925369625708220E+034
   12.847484096479961        1.3905220643902041E+034
   12.897843028728348        1.3885174844383814E+034
   12.948147401567688        1.3865231831590062E+034
   12.998397733526701        1.3845391174670782E+034
   13.048594537292983        1.3825652409100172E+034
   13.098738319793295        1.3806015038461834E+034
   13.148829582048824        1.3786478535891663E+034
   13.198868818802676        1.3767042344813918E+034
   13.248856518063196        1.3747705878995516E+034
   13.298793160773323        1.3728468522348072E+034
   13.348679220760559        1.3709329629077267E+034
   13.398515164970199        1.3690288524604797E+034
   13.448301453820164        1.3671344507245766E+034
   13.498038541435227        1.3652496850163753E+034
   13.547726875570399        1.3633744802905375E+034
   13.597366897197936        1.3615087591981004E+034
   13.646959039923095        1.3596524420439583E+034
   13.696503729509669        1.3578054466942252E+034
   13.746001383768997        1.3559676885170632E+034
   13.795452412902357        1.3541390804324876E+034
   13.844857220160675        1.3523195330976826E+034
   13.894216202507689        1.3505089551868117E+034
   13.943529750933184        1.3487072536696259E+034
   13.992798250189894        1.3469143339793209E+034
   14.042022077972080        1.3451300999963048E+034
   14.091201603811415        1.3433544538481643E+034
   14.140337188123491        1.3415872956067565E+034
   14.189429181822611        1.3398285230167276E+034
   14.238477926732370        1.3380780313915820E+034
   14.287483756726415        1.3363357137607045E+034
   14.336446999252567        1.3346014612622018E+034
   14.385367976734546        1.3328751636856177E+034
   14.434247007374346        1.3311567100105955E+034
   14.483084405086139        1.3294459887851920E+034
   14.531880478604593        1.3277428882422212E+034
   14.580635530112627        1.3260472961449960E+034
   14.629349853916548        1.3243590994513008E+034
   14.678023735695637        1.3226781839520417E+034
   14.726657452668695        1.3210044340549891E+034
   14.775251274716309        1.3193377328393649E+034
   14.823805466178031        1.3176779624190734E+034
   14.872320287815244        1.3160250045505367E+034
   14.920795998368934        1.3143787413396404E+034
   14.969232855266199        1.3127390558676704E+034
   15.017631114300196        1.3111058325800906E+034
   15.065991028436624        1.3094789573567377E+034
   15.114312846182386        1.3078583172836302E+034
   15.162596810097073        1.3062438002426286E+034
   15.210843155992103        1.3046352944955895E+034
   15.259052069156636        1.3030326900183279E+034
   15.307223593531987        1.3014358813466492E+034
   15.355357930982738        1.2998447581947639E+034
   15.403455301781969        1.2982592110495068E+034
   15.451515927267666        1.2966791325615554E+034
   15.499540030893019        1.2951044183370750E+034
   15.547527838223541        1.2935349675157665E+034
   15.595479575981795        1.2919706830361686E+034
   15.643395470512019        1.2904114715829215E+034
   15.691275746181738        1.2888572433011185E+034
   15.739120624216095        1.2873079114213915E+034
   15.786930322290626        1.2857633919510112E+034
   15.834705054953075        1.2842236035499955E+034
   15.882445034691418        1.2826884676430214E+034
   15.930150473292013        1.2811579087411579E+034
   15.977821583083987        1.2796318548863459E+034
   16.025458577743215        1.2781102381030296E+034
   16.073061672492550        1.2765929947491850E+034
   16.120631083722742        1.2750800656963898E+034
   16.168167028210341        1.2735713963198867E+034
   16.215669722185286        1.2720669363275516E+034
   16.263139380491587        1.2705666394881321E+034
   16.310576216007767        1.2690704633278037E+034
   16.357980439384583        1.2675783688520353E+034
   16.405352259055899        1.2660903203245290E+034
   16.452691881409869        1.2646062851065950E+034
   16.499999510989166        1.2631262335379364E+034
   16.547275350611514        1.2616501388283010E+034
   16.594519601353422        1.2601779769302800E+034
   16.641732462397020        1.2587097263735126E+034
   16.688914130785758        1.2572453680551062E+034
   16.736064801158093        1.2557848849949985E+034
   16.783184665527799        1.2543282620744861E+034
   16.830273913159566        1.2528754857794065E+034
   16.877332730559122        1.2514265439670025E+034
   16.924361301567910        1.2499814256688140E+034
   16.971359807530956        1.2485401209337584E+034
   17.018328427496375        1.2471026207081207E+034
   17.065267338406255        1.2456689167438872E+034
   17.112176715248093        1.2442390015248106E+034
   17.159056731150962        1.2428128682000631E+034
   17.205907557423661        1.2413905105182206E+034
   17.252729363544596        1.2399719227576682E+034
   17.299522317118942        1.2385570996534148E+034
   17.346286583820781        1.2371460363225860E+034
   17.393022327334851        1.2357387281925313E+034
   17.439729709307976        1.2343351709351458E+034
   17.486408889313751        1.2329353604099265E+034
   17.533060024830075        1.2315392926164383E+034
   17.579683271225459        1.2301469636547730E+034
   17.626278781750251        1.2287583696912847E+034
   17.672846707530773        1.2273735069258220E+034
   17.719387197566366        1.2259923715567504E+034
   17.765900398732761        1.2246149597406288E+034
   17.812386455795735        1.2232412675442212E+034
   17.858845511439551        1.2218712908875288E+034
   17.905277706312319        1.2205050254773850E+034
   17.951683179088352        1.2191424667315767E+034
   17.998062066544861        1.2177836096940070E+034
   18.044414503649246        1.2164284489417326E+034
   18.090740623653087        1.2150769784853827E+034
   18.137040558189948        1.2137291916651843E+034
   18.183314437376314        1.2123850810458159E+034
   18.229562389916467        1.2110446383141181E+034
   18.275784543212367        1.2097078541845521E+034
   18.321981023479665        1.2083747183171304E+034
   18.368151955868335        1.2070452192524675E+034
   18.414297464584816        1.2057193443673800E+034
   18.460417673009363        1.2043970798533264E+034
   18.506512703801430        1.2030784107184936E+034
   18.552582678985811        1.2017633208129660E+034
   18.598627720013887        1.2004517928756140E+034
   18.644647947796539        1.1991438086006635E+034
   18.690643482709106        1.1978393487218410E+034
   18.736614444571121        1.1965383931119473E+034
   18.782560952605937        1.1952409208959026E+034
   18.828483125385702        1.1939469105751835E+034
   18.874381080767140        1.1926563401614022E+034
   18.920254935821681        1.1913691873162748E+034
   18.966104806762448        1.1900854294945498E+034
   19.011930808868556        1.1888050440861517E+034
   19.057733056406857        1.1875280085531743E+034
   19.103511662551206        1.1862543005575959E+034
   19.149266739300028        1.1849838980759610E+034
   19.194998397394627        1.1837167794979450E+034
   19.240706746241269        1.1824529237069690E+034
   19.286391893841092        1.1811923101419289E+034
   19.332053946731790        1.1799349188403691E+034
   19.377693009944025        1.1786807304640221E+034
   19.423309186974343        1.1774297263085154E+034
   19.468902579774454        1.1761818882990528E+034
   19.514473288756268        1.1749371989743093E+034
   19.560021412809807        1.1736956414605839E+034
   19.605547049332184        1.1724571994384121E+034
   19.651050294265083        1.1712218571037716E+034
   19.696531242138711        1.1699895991259307E+034
   19.741990079793997        1.1687604078550086E+034
   19.787427053165164        1.1675342647899233E+034
   19.832842260799652        1.1663111556536298E+034
   19.878235798090710        1.1650910664700516E+034
   19.923607759510013        1.1638739835364163E+034
   19.968958238676105        1.1626598933955435E+034
   20.014287328418721        1.1614487828127829E+034
   20.059595120837031        1.1602406387571914E+034
   20.104881707350376        1.1590354483863321E+034
   20.150147178741801        1.1578331990340991E+034
   20.195391625194468        1.1566338782009232E+034
   20.240615136322685        1.1554374735460415E+034
   20.285817801198863        1.1542439728814329E+034
   20.330999708377863        1.1530533641672934E+034
   20.376160945920116        1.1518656355087839E+034
   20.421301601413660        1.1506807751539063E+034
   20.466421761995328        1.1494987714921053E+034
   20.511521514370529        1.1483196130532985E+034
   20.556600944830823        1.1471432885068758E+034
   20.601660139269075        1.1459697866602123E+034
   20.646699183191384        1.1447990964565345E+034
   20.691718161726293        1.1436312069717992E+034
   20.736717159631581        1.1424661074106863E+034
   20.781696261299253        1.1413037871018741E+034
   20.826655550759959        1.1401442354928458E+034
   20.871595111687153        1.1389874421445559E+034
   20.916515027402017        1.1378333967264097E+034
   20.961415380878908        1.1366820890116528E+034
   21.006296254751501        1.1355335088734894E+034
   21.051157731319130        1.1343876462818221E+034
   21.095999892552797        1.1332444913006606E+034
   21.140822820100304        1.1321040340858969E+034
   21.185626595290298        1.1309662648833253E+034
   21.230411299134985        1.1298311740266906E+034
   21.275177012331532        1.1286987519355931E+034
   21.319923815262776        1.1275689891131555E+034
   21.364651787997243        1.1264418761434145E+034
   21.409361010289427        1.1253174036884902E+034
   21.454051561580336        1.1241955624855639E+034
   21.498723520999221        1.1230763433438032E+034
   21.543376967366004        1.1219597371413083E+034
   21.588011979195134        1.1208457348222297E+034
   21.632628634700410        1.1197343273940748E+034
   21.677227011800799        1.1186255059254072E+034
   21.721807188127006        1.1175192615438852E+034
   21.766369241028404        1.1164155854347911E+034
   21.810913247580096        1.1153144688400628E+034
   21.855439284589892        1.1142159030578491E+034
   21.899947428604413        1.1131198794426565E+034
   21.944437755914574        1.1120263894059800E+034
   21.988910342559549        1.1109354244175640E+034
   22.033365264329330        1.1098469760070676E+034
   22.077802596765242        1.1087610357662289E+034
   22.122222415158767        1.1076775953513554E+034
   22.166624794547758        1.1065966464861476E+034
   22.211009809710781        1.1055181809646804E+034
   22.255377535159344        1.1044421906545276E+034
   22.299728045127900        1.1033686674999055E+034
   22.344061413562393        1.1022976035247789E+034
   22.388377714107161        1.1012289908358064E+034
   22.432677020090711        1.1001628216251335E+034
   22.476959404510659        1.0990990881728749E+034
   22.521224940018350        1.0980377828493027E+034
   22.565473698903180        1.0969788981166219E+034
   22.609705753077325        1.0959224265303352E+034
   22.653921174061132        1.0948683607401296E+034
   22.698120032969264        1.0938166934902455E+034
   22.742302400498190        1.0927674176193514E+034
   22.786468346915161        1.0917205260598418E+034
   22.830617942048843        1.0906760118366773E+034
   22.874751255281790        1.0896338680656299E+034
   22.918868355544841        1.0885940879510745E+034
   22.962969311313433        1.0875566647832702E+034
   23.007054190605714        1.0865215919351540E+034
   23.051123060982317        1.0854888628586769E+034
   23.095175989547776        1.0844584710806520E+034
   23.139213042953035        1.0834304101981985E+034
   23.183234287399188        1.0824046738737166E+034
   23.227239788642059        1.0813812558295012E+034
   23.271229611997349        1.0803601498419832E+034
   23.315203822346430        1.0793413497356939E+034
   23.359162484142409        1.0783248493769952E+034
   23.403105661416468        1.0773106426676840E+034
   23.447033417784294        1.0762987235385313E+034
   23.490945816452395        1.0752890859428710E+034
   23.534842920224424        1.0742817238503101E+034
   23.578724791507163        1.0732766312406552E+034
   23.622591492316335        1.0722738020981744E+034
   23.666443084281894        1.0712732304061853E+034
   23.710279628653115        1.0702749101421612E+034
   23.754101186302950        1.0692788352733222E+034
   23.797907817732302        1.0682849997528424E+034
   23.841699583073670        1.0672933975166332E+034
   23.885476542094455        1.0663040224808475E+034
   23.929238754199922        1.0653168685400387E+034
   23.972986278435656        1.0643319295659727E+034
   24.016719173489687        1.0633491994071612E+034
   24.060437497694139        1.0623686718889425E+034
   24.104141309026438        1.0613903408141921E+034
   24.147830665109943        1.0604141999644619E+034
   24.191505623214145        1.0594402431016058E+034
   24.235166240254223        1.0584684639696563E+034
   24.278812572790006        1.0574988562969948E+034
   24.322444677024574        1.0565314137986207E+034
   24.366062608802320        1.0555661301785171E+034
   24.409666423606573        1.0546029991319906E+034
   24.453256176557083        1.0536420143479648E+034
   24.496831922407313        1.0526831695111280E+034
   24.540393715541828        1.0517264583039918E+034
   24.583941609973845        1.0507718744087598E+034
   24.627475659343268        1.0498194115090756E+034
   24.670995916915384        1.0488690632916401E+034
   24.714502435580176        1.0479208234477228E+034
   24.757995267852834        1.0469746856746551E+034
   24.801474465875387        1.0460306436773129E+034
   24.844940081419718        1.0450886911696770E+034
   24.888392165892061        1.0441488218765495E+034
   24.931830770339392        1.0432110295354967E+034
   24.975255945457427        1.0422753078990892E+034
   25.018667741600613        1.0413416507375264E+034
   25.062066208794011        1.0404100518416842E+034
   25.105451396747029        1.0394805050266578E+034
   25.148823354868817        1.0385530041357858E+034
   25.192182132285080        1.0376275430451842E+034
   25.235527777856078        1.0367041156686907E+034
   25.278860340195159        1.0357827159631894E+034
   25.322179867687527        1.0348633379341606E+034
   25.365486408508609        1.0339459756413320E+034
   25.408780010641518        1.0330306232042533E+034
   25.452060721892966        1.0321172748076138E+034
   25.495328589907469        1.0312059247061457E+034
   25.538583662179185        1.0302965672289236E+034
   25.581825986061446        1.0293891967829526E+034
   25.625055608773589        1.0284838078559191E+034
   25.668272577405396        1.0275803950180314E+034
   25.711476938919002        1.0266789529229268E+034
   25.754668740148492        1.0257794763076412E+034
   25.797848027797535        1.0248819599916393E+034
   25.841014848435140        1.0239863988749859E+034
   25.884169248489709        1.0230927879356874E+034
   25.927311274241863        1.0222011222262695E+034
   25.970440971815911        1.0213113968696617E+034
   26.013558387170399        1.0204236070544530E+034
   26.056663566087696        1.0195377480295659E+034
   26.099756554163026        1.0186538150984396E+034
   26.142837396792789        1.0177718036127836E+034
   26.185906139162984        1.0168917089659671E+034
   26.228962826237371        1.0160135265861891E+034
   26.272007502746270        1.0151372519294832E+034
   26.315040213175855        1.0142628804727264E+034
   26.358061001758958        1.0133904077067738E+034
   26.401069912466912        1.0125198291298801E+034
   26.444066989003687        1.0116511402415353E+034
   26.487052274801851        1.0107843365368796E+034
   26.530025813020984        1.0099194135018143E+034
   26.572987646548565        1.0090563666088969E+034
   26.615937818003150        1.0081951913141093E+034
   26.658876369739829        1.0073358830545049E+034
   26.701803343857819        1.0064784372467555E+034
   26.744718782209514        1.0056228492865325E+034
   26.787622726411026        1.0047691145486412E+034
   26.830515217853499        1.0039172283878131E+034
   26.873396297714908        1.0030671861400306E+034
   26.916266006971757        1.0022189831242345E+034
   26.959124386410501        1.0013726146442854E+034
   27.001971476638360        1.0005280759910529E+034
   27.044807318093198        9.9968536244449637E+033
   27.087631951052529        9.9884446927567994E+033
   27.130445415641208        9.9800539174859673E+033
   27.173247751838314        9.9716812512176715E+033
   27.216038999482713        9.9633266464957568E+033
   27.258819198277674        9.9549900558331403E+033
   27.301588387794489        9.9466714317190391E+033
   27.344346607475192        9.9383707266231749E+033
   27.387093896634248        9.9300878929966966E+033
   27.429830294459538        9.9218228832700780E+033
   27.472555840012571        9.9135756498478485E+033
   27.515270572227831        9.9053461451005254E+033
   27.557974529911728        9.8971343213538152E+033
   27.600667751740904        9.8889401308754141E+033
   27.643350276260147        9.8807635258599161E+033
   27.686022141880308        9.8726044584123968E+033
   27.728683386876227        9.8644628805311894E+033
   27.771334049384812        9.8563387440909695E+033
   27.813974167403764        9.8482320008266627E+033
   27.856603778790959        9.8401426023191235E+033
   27.899222921264634        9.8320704999836552E+033
   27.941831632404590        9.8240156450616844E+033
   27.984429949654391        9.8159779886166059E+033
   28.027017910324474        9.8079574815338690E+033
   28.069595551596294        9.7999540745256539E+033
   28.112162910527164        9.7919677181402162E+033
   28.154720024055518        9.7839983627754591E+033
   28.197266929006702        9.7760459586965380E+033
   28.239803662098730        9.7681104560566395E+033
   28.282330259947798        9.7601918049208548E+033
   28.324846759073697        9.7522899552918957E+033
   28.367353195904300        9.7444048571371851E+033
   28.409849606779694        9.7365364604168547E+033
   28.452336027955258        9.7286847151116692E+033
   28.494812495603963        9.7208495712509195E+033
   28.537279045817961        9.7130309789392862E+033
   28.579735714608958        9.7052288883828851E+033
   28.622182537908085        9.6974432499138150E+033
   28.664619551564840        9.6896740140133503E+033
   28.707046791345192        9.6819211313333041E+033
   28.749464292929158        9.6741845527153795E+033
   28.791872091907603        9.6664642292086427E+033
   28.834270223778276        9.6587601120841987E+033
   28.876658723941347        9.6510721528475760E+033
   28.919037627694223        9.6434003032478569E+033
   28.961406970225692        9.6357445152835880E+033
   29.003766786609564        9.6281047412052419E+033
   29.046117111797653        9.6204809335139700E+033
   29.088457980612404        9.6128730449562294E+033
   29.130789427739035        9.6052810285149415E+033
   29.173111487717545        9.5977048373964639E+033
   29.215424194934531        9.5901444250142455E+033
   29.257727583615157        9.5825997449690664E+033
   29.300021687815395        9.5750707510266367E+033
   29.342306541414505        9.5675573970926208E+033
   29.384582178108271        9.5600596371861688E+033
   29.426848631402606        9.5525774254120154E+033
   29.469105934608141        9.5451107159320860E+033
   29.511354120835456        9.5376594629368883E+033
   29.553593222991140        9.5302236206174151E+033
   29.595823273774517        9.5228031431376683E+033
   29.638044305675230        9.5153979846085831E+033
   29.680256350971188        9.5080080990634189E+033
   29.722459441727466        9.5006334404349142E+033
   29.764653609795563        9.4932739625347738E+033
   29.806838886813054        9.4859296190356222E+033
   29.849015304203920        9.4786003634557548E+033
   29.891182893179227        9.4712861491471824E+033
   29.933341684738270        9.4639869292871767E+033
   29.975491709670415        9.4567026568739688E+033
   30.017632998557282        9.4494332847266868E+033
   30.059765581775718        9.4421787654900876E+033
   30.101889489501289        9.4349390516442989E+033
   30.144004751712330        9.4277140955197093E+033
   30.186111398194644        9.4205038493170314E+033
   30.228209458546701        9.4133082651326222E+033
   30.270298962185294        9.4061272949884281E+033
   30.312379938351437        9.3989608908667223E+033
   30.354452416116491        9.3918090047485259E+033
   30.396516424388295        9.3846715886555015E+033
   30.438571991917332        9.3775485946942673E+033
   30.480619147302598        9.3704399751027845E+033
   30.522657918997190        9.3633456822974783E+033
   30.564688335313694        9.3562656689210200E+033
   30.606710424429114        9.3491998878893601E+033
   30.648724214389482        9.3421482924380575E+033
   30.690729733114232        9.3351108361669364E+033
   30.732727008400172        9.3280874730827379E+033
   30.774716067925485        9.3210781576393175E+033
   30.816696939253301        9.3140828447752192E+033
   30.858669649835420        9.3071014899479787E+033
   30.900634227015768        9.3001340491650043E+033
   30.942590698033598        9.2931804790106062E+033
   30.984539090026754        9.2862407366686879E+033
   31.026479430034154        9.2793147799407277E+033
   31.068411744998038        9.2724025672582423E+033
   31.110336061765334        9.2655040576893409E+033
   31.152252407088117        9.2586192109388034E+033
   31.194160807622985        9.2517479873407149E+033
   31.236061289929062        9.2448903478436444E+033
   31.277953880464509        9.2380462539875855E+033
   31.319838605581694        9.2312156678723928E+033
   31.361715491520560        9.2243985521180867E+033
   31.403584564400855        9.2175948698167723E+033
   31.445445850212952        9.2108045844770589E+033
   31.487299374807613        9.2040276599616999E+033
   31.529145163885154        9.1972640604193203E+033
   31.570983242984383        9.1905137502122631E+033
   31.612813637471696        9.1837766938414837E+033
   31.654636372530955        9.1770528558710256E+033
   31.696451473154418        9.1703422008533635E+033
   31.738258964135358        9.1636446932582064E+033
   31.780058870062746        9.1569602974063680E+033
   31.821851215318397        9.1502889774106336E+033
   31.863636024076413        9.1436306971252042E+033
   31.905413320305659        9.1369854201049305E+033
   31.947183127774608        9.1303531095755479E+033
   31.988945470058844        9.1237337284151090E+033
   32.030700370550747        9.1171272391469110E+033
   32.072447852470965        9.1105336039436315E+033
   32.114187938880988        9.1039527846419040E+033
   32.155920652696928        9.0973847427663052E+033
   32.197646016702841        9.0908294395612888E+033
   32.239364053563840        9.0842868360295500E+033
   32.281074785838328        9.0777568929754575E+033
   32.322778235988217        9.0712395710509820E+033
   32.364474426387353        9.0647348308034424E+033
   32.406163379327566        9.0582426327229314E+033
   32.447845117022119        9.0517629372883097E+033
   32.489519661606714        9.0452957050108906E+033
   32.531187035137670        9.0388408964749913E+033
   32.572847259588443        9.0323984723751174E+033
   32.614500356843521        9.0259683935498446E+033
   32.656146348691315        9.0195506210126135E+033
   32.697785256815997        9.0131451159801097E+033
   32.739417102788828        9.0067518398988490E+033
   32.781041908059372        9.0003707544710433E+033
   32.822659693947926        8.9940018216804285E+033
   32.864270481638428        8.9876450038191606E+033
   32.905874292173017        8.9813002635160605E+033
   32.947471146448173        8.9749675637672316E+033
   32.989061065212752        8.9686468679688503E+033
   33.030644069067932        8.9623381399522910E+033
   33.072220178468712        8.9560413440211197E+033
   33.113789413727048        8.9497564449896629E+033
   33.155351795016216        8.9434834082216210E+033
   33.196907342376164        8.9372221996681136E+033
   33.238456075719427        8.9309727859037628E+033
   33.279998014836984        8.9247351341593353E+033
   33.321533179403950        8.9185092123495907E+033
   33.363061588984763        8.9122949890951450E+033
   33.404583208998332        8.9060924420860055E+033
   33.446097997964017        8.8999015501396319E+033
   33.487605974484566        8.8937222840450827E+033
   33.529107157095638        8.8875546153131326E+033
   33.570601564232561        8.8813985161479024E+033
   33.612089214229186        8.8752539594175567E+033
   33.653570125316392        8.8691209186173236E+033
   33.695044315619761        8.8629993678252214E+033
   33.736511803157626        8.8568892816519092E+033
   33.777972605839182        8.8507906351860748E+033
   33.819426741463737        8.8447034039366078E+033
   33.860874227720501        8.8386275637735380E+033
   33.902315082190142        8.8325630908685937E+033
   33.943749322347621        8.8265099616373223E+033
   33.985176965566680        8.8204681526838876E+033
   34.026598029125942        8.8144376407490956E+033
   34.068012530216350        8.8084184026628719E+033
   34.109420485950153        8.8024104153016279E+033
   34.150821913370983        8.7964136555502039E+033
   34.192216829464350        8.7904281002687010E+033
   34.233605251168775        8.7844537262638861E+033
   34.274987195386785        8.7784905102640271E+033
   34.316362678995247        8.7725384288971049E+033
   34.357731718855206        8.7665974586709997E+033
   34.399094331820123        8.7606675759552154E+033
   34.440450534742638        8.7547487569626919E+033
   34.481800344479673        8.7488409777316238E+033
   34.523143777895690        8.7429442141059664E+033
   34.564480851863685        8.7370584417144729E+033
   34.605811583264561        8.7311836359479691E+033
   34.647135988984658        8.7253197719347124E+033
   34.688454085911637        8.7194668245137934E+033
   34.729765890929208        8.7136247682075528E+033
   34.771071420910914        8.7077935771927278E+033
   34.812370692713358        8.7019732252717147E+033
   34.853663723169376        8.6961636858445451E+033
   34.894950529081370        8.6903649318823427E+033
   34.936231127215294        8.6845769359033097E+033
   34.977505534295673        8.6787996699522885E+033
   35.018773767001740        8.6730331055842567E+033
   35.060035841965025        8.6672772138531221E+033
   35.101291775768480        8.6615319653055886E+033
   35.142541584947253        8.6557973299812570E+033
   35.183785285991164        8.6500732774186486E+033
   35.225022895348481        8.6443597766673112E+033
   35.266254429431079        8.6386567963060330E+033
   35.307479904621012        8.6329643044665705E+033
   35.348699337277772        8.6272822688626805E+033
   35.389912743746294        8.6216106568237197E+033
   35.431120140365387        8.6159494353323532E+033
   35.472321543476255        8.6102985710655407E+033
   35.513516969430995        8.6046580304381429E+033
   35.554706434600618        8.5990277796485741E+033
   35.595889955382710        8.5934077847256539E+033
   35.637067548208286        8.5877980115763718E+033
   35.678239229547792        8.5821984260337825E+033
   35.719405015916465        8.5766089939048513E+033
   35.760564923878434        8.5710296810177769E+033
   35.801718970050118        8.5654604532686591E+033
   35.842867171102668        8.5599012766672093E+033
   35.884009543763533        8.5543521173815153E+033
   35.925146104817095        8.5488129417817666E+033
   35.966276871104640        8.5432837164826537E+033
   36.007401859523462        8.5377644083848206E+033
   36.048521087025520        8.5322549847148560E+033
   36.089634570615218        8.5267554130639598E+033
   36.130742327346653        8.5212656614250829E+033
   36.171844374320273        8.5157856982282967E+033
   36.212940728678902        8.5103154923742803E+033
   36.254031407603058        8.5048550132653559E+033
   36.295116428305811        8.4994042308341170E+033
   36.336195808026844        8.4939631155688134E+033
   36.377269564025866        8.4885316385356912E+033
   36.418337713575404        8.4831097713972552E+033
   36.459400273952895        8.4776974864267303E+033
   36.500457262432278        8.4722947565177720E+033
   36.541508696274867        8.4669015551898187E+033
   36.582554592719823        8.4615178565882158E+033
   36.623594968974380        8.4561436354796830E+033
   36.664629842203773        8.4507788672423628E+033
   36.705659229520862        8.4454235278512193E+033
   36.746683147976270        8.4400775938584208E+033
   36.787701614548425        8.4347410423691702E+033
   36.828714646134095        8.4294138510134526E+033
   36.869722259539827        8.4240959979136728E+033
   36.910724471473699        8.4187874616491292E+033
   36.951721298538338        8.4134882212173390E+033
   36.992712757224886        8.4081982559932915E+033
   37.033698863907901        8.4029175456864331E+033
   37.074679634841772        8.3976460702967081E+033
   37.115655086158043        8.3923838100695340E+033
   37.156625233864098        8.3871307454503682E+033
   37.197590093843047        8.3818868570397224E+033
   37.238549681854472        8.3766521255483631E+033
   37.279504013536396        8.3714265317535760E+033
   37.320453104407981        8.3662100564568383E+033
   37.361396969872992        8.3610026804428477E+033
   37.402335625224019        8.3558043844405697E+033
   37.443269085646989        8.3506151490866554E+033
   37.484197366225942        8.3454349548911004E+033
   37.525120481948342        8.3402637822056390E+033
   37.566038447710021        8.3351016111953645E+033
   37.606951278320729        8.3299484218134670E+033
   37.647858988508915        8.3248041937794565E+033
   37.688761592927065        8.3196689065614140E+033
   37.729659106156291        8.3145425393622323E+033
   37.770551542711303        8.3094250711100988E+033
   37.811438917044747        8.3043164804536981E+033
   37.852321243551877        8.2992167457622652E+033
   37.893198536574474        8.2941258451304102E+033
   37.934070810405295        8.2890437563881571E+033
   37.974938079292123        8.2839704571162922E+033
   38.015800357441869        8.2789059246664867E+033
   38.056657659024431        8.2738501361869208E+033
   38.097509998177081        8.2688030686525358E+033
   38.138357389008185        8.2637646989000446E+033
   38.179199845601190        8.2587350036674007E+033
   38.220037382018958        8.2537139596369281E+033
   38.260870012307151        8.2487015434821782E+033
   38.301697750498576        8.2436977319174502E+033
   38.342520610616326        8.2387025017496330E+033
   38.383338606677547        8.2337158299316472E+033
   38.424151752696481        8.2287376936166997E+033
   38.464960062687453        8.2237680702127323E+033
   38.505763550667297        8.2188069374361439E+033
   38.546562230657479        8.2138542733643256E+033
   38.587356116686060        8.2089100564859990E+033
   38.628145222788504        8.2039742657489083E+033
   38.668929563008611        8.1990468806039238E+033
   38.709709151398798        8.1941278810453405E+033
   38.750484002019476        8.1892172476465740E+033
   38.791254128938434        8.1843149615906887E+033
   38.832019546229205        8.1794210046956398E+033
   38.872780267969148        8.1745353594336468E+033
   38.913536308236822        8.1696580089444585E+033
   38.954287681108966        8.1647889370424680E+033
   38.995034400656706        8.1599281282172643E+033
   39.035776480941543        8.1550755676277075E+033
   39.076513936010215        8.1502312410897179E+033
   39.117246779889875        8.1453951350573752E+033
   39.157975026581674        8.1405672365978319E+033
   39.198698690054563        8.1357475333601375E+033
   39.239417784238277        8.1309360135381278E+033
   39.280132323015522        8.1261326658277014E+033
   39.320842320213984        8.1213374793789390E+033
   39.361547789597452        8.1165504437433084E+033
   39.402248744856713        8.1117715488167046E+033
   39.442945199599663        8.1070007847782380E+033
   39.483637167341207        8.1022381420260969E+033
   39.524324661492507        8.0974836111105584E+033
   39.565007695350417        8.0927371826648457E+033
   39.605686282085934        8.0879988473347254E+033
   39.646360434733381        8.0832685957073648E+033
   39.687030166178822        8.0785464182400590E+033
   39.727695489149070        8.0738323051899274E+033
   39.768356416200980        8.0691262465448542E+033
   39.809012959710650        8.0644282319567638E+033
   39.849665131863532        8.0597382506776110E+033
   39.890312944645203        8.0550562914989571E+033
   39.930956409832724        8.0503823426955523E+033
   39.971595538986840        8.0457163919737243E+033
   40.012230343445403        8.0410584264245857E+033
   40.052860834317613        8.0364084324830614E+033
   40.093487022479557        8.0317663958924229E+033
   40.134108918570803        8.0271323016751360E+033
   40.174726532992374        8.0225061341096875E+033
   40.215339875905805        8.0178878767136256E+033
   40.255948957233372        8.0132775122330870E+033
   40.296553786660006        8.0086750226381386E+033
   40.337154373635862        8.0040803891242963E+033
   40.377750727380452        7.9994935921197157E+033
   40.418342856888124        7.9949146112980264E+033
   40.458930770934266        7.9903434255964893E+033
   40.499514478083299        7.9857800132390112E+033
   40.540093986697649        7.9812243517641885E+033
   40.580669304947740        7.9766764180576584E+033
   40.621240440823861        7.9721361883888294E+033
   40.661807402148725        7.9676036384516214E+033
   40.702370196591829        7.9630787434092550E+033
   40.742928831685212        7.9585614779424062E+033
   40.783483314840382        7.9540518163012936E+033
   40.824033653366996        7.9495497323608349E+033
   40.864579854493023        7.9450551996793170E+033
   40.905121925386020        7.9405681915600241E+033
   40.945659873176332        7.9360886811156494E+033
   40.986193704981197        7.9316166413357256E+033
   41.026723427930271        7.9271520451559760E+033
   41.067249049192000        7.9226948655301672E+033
   41.107770576000725        7.9182450755031617E+033
   41.148288015684486        7.9138026482853594E+033
   41.188801375692577        7.9093675573276379E+033
   41.229310663623274        7.9049397763959727E+033
   41.269815887250644        7.9005192796455001E+033
   41.310317054550389        7.8961060416927162E+033
   41.350814173724203        7.8917000376853501E+033
   41.391307253221974        7.8873012433687439E+033
   41.431796301761814        7.8829096351482336E+033
   41.472281328347044        7.8785251901461821E+033
   41.512762342280084        7.8741478862533537E+033
   41.553239353172664        7.8697777021734887E+033
   41.593712370952318        7.8654146174605524E+033
   41.634181405864652        7.8610586125481332E+033
   41.674646468471586        7.8567096687703510E+033
   41.715107569645234        7.8523677683743085E+033
   41.755564720557636        7.8480328945235262E+033
   41.796017932666430        7.8437050312926072E+033
   41.836467217696580        7.8393841636533500E+033
   41.876912587618513        7.8350702774523875E+033
   41.917354054623097        7.8307633593811133E+033
   41.957791631093777        7.8264633969383097E+033
   41.998225329576478        7.8221703783862004E+033
   42.038655162747489        7.8178842927009108E+033
   42.079081143380549        7.8136051295180721E+033
   42.119503284312827        7.8093328790747437E+033
   42.159921598411294        7.8050675321483124E+033
   42.200336098538962        7.8008090799937669E+033
   42.240746797522640        7.7965575142799133E+033
   42.281153708122119        7.7923128270257699E+033
   42.321556843001019        7.7880750105377614E+033
   42.361956214700278        7.7838440573486537E+033
   42.402351835614304        7.7796199601587832E+033
   42.442743717969783        7.7754027117801421E+033
   42.483131873807679        7.7711923050838164E+033
   42.523516314968738        7.7669887329511306E+033
   42.563897053081931        7.7627919882284822E+033
   42.604274099556065        7.7586020636863339E+033
   42.644647465574920        7.7544189519819708E+033
   42.685017162095001        7.7502426456262201E+033
   42.725383199846263        7.7460731369537170E+033
   42.765745589335268        7.7419104180967557E+033
   42.806104340850830        7.7377544809621179E+033
   42.846459464471579        7.7336053172107753E+033
   42.886810970075182        7.7294629182400969E+033
   42.927158867349100        7.7253272751681161E+033
   42.967503165802256        7.7211983788195779E+033
   43.007843874777855        7.7170762197136308E+033
   43.048181003466432        7.7129607880524273E+033
   43.088514560919336        7.7088520737110118E+033
   43.128844556062326        7.7047500662275983E+033
   43.169170997709102        7.7006547547947582E+033
   43.209493894574422        7.6965661282508704E+033
   43.249813255286725        7.6924841750720188E+033
   43.290129088400789        7.6884088833642420E+033
   43.330441402409079        7.6843402408560765E+033
   43.370750205752849        7.6802782348916375E+033
   43.411055506832845        7.6762228524237496E+033
   43.451357314018551        7.6721740800079563E+033
   43.491655635657615        7.6681319037966189E+033
   43.531950480084035        7.6640963095338998E+033
   43.572241855626054        7.6600672825511143E+033
   43.612529770613413        7.6560448077628183E+033
   43.652814233383786        7.6520288696634868E+033
   43.693095252288998        7.6480194523247957E+033
   43.733372835700663        7.6440165393936831E+033
   43.773646992015237        7.6400201140906784E+033
   43.813917729658570        7.6360301592090345E+033
   43.854185057090184        7.6320466571141551E+033
   43.894448982806885        7.6280695897432872E+033
   43.934709515346114        7.6240989386057591E+033
   43.974966663288747        7.6201346847831539E+033
   44.015220435261412        7.6161768089297589E+033
   44.055470839938259        7.6122252912731975E+033
   44.095717886042721        7.6082801116148936E+033
   44.135961582348266        7.6043412493309019E+033
   44.176201937678833        7.6004086833727346E+033
   44.216438960909215        7.5964823922683989E+033
   44.256672660964639        7.5925623541239708E+033
   44.296903046820113        7.5886485466255884E+033
   44.337130127499535        7.5847409470419804E+033
   44.377353912074504        7.5808395322285796E+033
   44.417574409662841        7.5769442786324322E+033
   44.457791629427220        7.5730551622989583E+033
   44.498005580573569        7.5691721588807121E+033
   44.538216272349523        7.5652952436484276E+033
   44.578423714043069        7.5614243915049314E+033
   44.618627914981545        7.5575595770020730E+033
   44.658828884530521        7.5537007743610661E+033
   44.699026632093670        7.5498479574969578E+033
   44.739221167112284        7.5460011000467291E+033
   44.779412499066055        7.5421601754022222E+033
   44.819600637473904        7.5383251567473764E+033
   44.859785591895516        7.5344960171003467E+033
   44.899967371933350        7.5306727293602373E+033
   44.940145987235354        7.5268552663588209E+033
   44.980321447498106        7.5230436009167396E+033
   45.020493762470281        7.5192377059044637E+033
   45.060662941956828        7.5154375543072496E+033
   45.100828995823200        7.5116431192942631E+033
   45.140991933999992        7.5078543742910118E+033
   45.181151766487382        7.5040712930548472E+033
   45.221308503360042        7.5002938497528995E+033
   45.261462154771380        7.4965220190416931E+033
   45.301612730957764        7.4927557761479702E+033
   45.341760242242323        7.4889950969497340E+033
   45.381904699037861        7.4852399580568658E+033
   45.422046111849497        7.4814903368905590E+033
   45.462184491275870        7.4777462117606822E+033
   45.502319848009869        7.4740075619401717E+033
   45.542452192837835        7.4702743677359580E+033
   45.582581536637740        7.4665466105552531E+033
   45.622707890375985        7.4628242729668026E+033
   45.662831265102696        7.4591073387561998E+033
   45.702951671945812        7.4553957929747936E+033
   45.743069122103343        7.4516896219813344E+033
   45.783183626834429        7.4479888134764048E+033
   45.823295197448715        7.4442933565285104E+033
   45.863403845294400        7.4406032415921609E+033
   45.903509581744764        7.4369184605172299E+033
   45.943612418183420        7.4332390065497773E+033
   45.983712365988289        7.4295648743241134E+033
   46.023809436514448        7.4258960598460801E+033
   46.063903641076173        7.4222325604679677E+033
   46.103994990927681        7.4185743748549802E+033
   46.144083497243642        7.4149215029436816E+033
   46.184169171098972        7.4112739458931200E+033
   46.224252023448194        7.4076317060282676E+033
   46.264332065104817        7.4039947867775038E+033
   46.304409306720487        7.4003631926036504E+033
   46.344483758764703        7.3967369289297794E+033
   46.384555431504545        7.3931160020606257E+033
   46.424624334985076        7.3895004190996306E+033
   46.464690479010770        7.3858901878633539E+033
   46.504753873127157        7.3822853167930372E+033
   46.544814526604277        7.3786858148648985E+033
   46.584872448420683        7.3750916914995297E+033
   46.624927647249073        7.3715029564709520E+033
   46.664980131443045        7.3679196198167825E+033
   46.705029909025335        7.3643416917493140E+033
   46.745076987677876        7.3607691825688613E+033
   46.785121374732782        7.3572021025796084E+033
   46.825163077165513        7.3536404620087198E+033
   46.865202101589148        7.3500842709289108E+033
   46.905238454250551        7.3465335391854428E+033
   46.945272141027772        7.3429882763272117E+033
   46.985303167429272        7.3394484915428430E+033
   47.025331538594308        7.3359141936017883E+033
   47.065357259294835        7.3323853908003891E+033
   47.105380333938726        7.3288620909134521E+033
   47.145400766574291        7.3253443011510084E+033
   47.185418560895776        7.3218320281203922E+033
   47.225433720250464        7.3183252777936345E+033
   47.265446247646246        7.3148240554798822E+033
   47.305456145760601        7.3113283658028151E+033
   47.345463416950203        7.3078382126829706E+033
   47.385468063261513        7.3043535993244281E+033
   47.425470086442083        7.3008745282060381E+033
   47.465469487952916        7.2974010010765473E+033
   47.505466268981017        7.2939330189535831E+033
   47.545460430452948        7.2904705821261043E+033
   47.585451973048954        7.2870136901601411E+033
   47.625440897217594        7.2835623419074747E+033
   47.665427203191008        7.2801165355168325E+033
   47.705410891000618        7.2766762684476862E+033
   47.745391960493620        7.2732415374860884E+033
   47.785370411349575        7.2698123387624023E+033
   47.825346243097975        7.2663886677706762E+033
   47.865319455135541        7.2629705193895003E+033
   47.905290046744781        7.2595578879041493E+033
   47.945258017112167        7.2561507670296423E+033
   47.985223365347387        7.2527491499348501E+033
   48.025186090502245        7.2493530292672107E+033
   48.065146191590266        7.2459623971781373E+033
   48.105103667606429        7.2425772453487938E+033
   48.145058517546929        7.2391975650161444E+033
   48.185010740429284        7.2358233469994763E+033
   48.224960335312126        7.2324545817267372E+033
   48.264907301315311        7.2290912592611064E+033
   48.304851637639693        7.2257333693273612E+033
   48.344793343586844        7.2223809013382523E+033
   48.384732418578182        7.2190338444204950E+033
   48.424668862174215        7.2156921874405099E+033
   48.464602674092880        7.2123559190299362E+033
   48.504533854227681        7.2090250276104503E+033
   48.544462402664834        7.2056995014182682E+033
   48.584388319699954        7.2023793285279885E+033
   48.624311605853833        7.1990644968759385E+033
   48.664232261887300        7.1957549942825415E+033
   48.704150288815228        7.1924508084742146E+033
   48.744065687919239        7.1891519271044092E+033
   48.783978460759570        7.1858583377735778E+033
   48.823888609185474        7.1825700280484004E+033
   48.863796135344671        7.1792869854800527E+033
   48.903701041691313        7.1760091976213323E+033
   48.943603330992516        7.1727366520427562E+033
   48.983503006333883        7.1694693363476340E+033
   49.023400071123305        7.1662072381858105E+033
   49.063294529093469        7.1629503452664116E+033
   49.103186384302909        7.1596986453692474E+033
   49.143075641135816        7.1564521263549989E+033
   49.182962304300041        7.1532107761742147E+033
   49.222846378824222        7.1499745828749047E+033
   49.262727870053119        7.1467435346089268E+033
   49.302606783641785        7.1435176196371190E+033
   49.342483125548490        7.1402968263330081E+033
   49.382356902026245        7.1370811431853855E+033
   49.422228119613258        7.1338705587994032E+033
   49.462096785122107        7.1306650618966852E+033
   49.501962905628005        7.1274646413139431E+033
   49.541826488455904        7.1242692860005167E+033
   49.581687541166794        7.1210789850148062E+033
   49.621546071542902        7.1178937275192272E+033
   49.661402087572498        7.1147135027746272E+033
   49.701255597433509        7.1115383001331246E+033
   49.741106609477015        7.1083681090303846E+033
   49.780955132209854        7.1052029189766821E+033
   49.820801174276923        7.1020427195473413E+033
   49.860644744443235        7.0988875003722806E+033
   49.900485851575596        7.0957372511250553E+033
   49.940324504624179        7.0925919615110921E+033
   49.980160712604246        7.0894516212557355E+033
   50.019994484577616        7.0863162200917135E+033
   50.059825829634391        7.0831857477464873E+033
   50.099654756875296        7.0800601939294036E+033
   50.139481275393770        7.0769395483189672E+033
   50.179305394259082        7.0738238005500114E+033
   50.219127122499579        7.0707129402014263E+033
   50.258946469086688        7.0676069567839977E+033
   50.298763442919864        7.0645058397288805E+033
   50.338578052811911        7.0614095783766396E+033
   50.378390307475442        7.0583181619669998E+033
   50.418200215510119        7.0552315796295451E+033
   50.458007785391011        7.0521498203750589E+033
   50.497813025457603        7.0490728730882434E+033
   50.537615943904164        7.0460007265210903E+033
   50.577416548770934        7.0429333692877527E+033
   50.617214847936467        7.0398707898602135E+033
   50.657010849110797        7.0368129765654536E+033
   50.696804559829971        7.0337599175835419E+033
   50.736595987451075        7.0307116009470172E+033
   50.776385139148744        7.0276680145414900E+033
   50.816172021912024        7.0246291461073082E+033
   50.855956642542601        7.0215949832422186E+033
   50.895739007653489        7.0185655134052529E+033
   50.935519123668719        7.0155407239215899E+033
   50.975296996823523        7.0125206019882046E+033
   51.015072633165367        7.0095051346805356E+033
   51.054846038555581        7.0064943089600356E+033
   51.094617218671331        7.0034881116823931E+033
   51.134386179008523        7.0004865296066228E+033
   51.174152924885000        6.9974895494047618E+033
   51.213917461444176        6.9944971576724847E+033
   51.253679793659416        6.9915093409401669E+033
   51.293439926338614        6.9885260856848531E+033
   51.333197864129559        6.9855473783428334E+033
   51.372953611525482        6.9825732053229492E+033
   51.412707172871350        6.9796035530207567E+033
   51.452458552370686        6.9766384078332912E+033
   51.492207754092888        6.9736777561749259E+033
   51.531954781981092        6.9707215844936921E+033
   51.571699639860640        6.9677698792888941E+033
   51.611442331448352        6.9648226271292512E+033
   51.651182860361892        6.9618798146720937E+033
   51.690921230130343        6.9589414286834290E+033
   51.730657444204859        6.9560074560586866E+033
   51.770391505970188        6.9530778838442872E+033
   51.810123418756184        6.9501526992599057E+033
   51.849853185850463        6.9472318897211295E+033
   51.889580810510473        6.9443154428625389E+033
   51.929306295976495        6.9414033465609843E+033
   51.969029645484341        6.9384955889586577E+033
   52.008750862277914        6.9355921584860194E+033
   52.048469949621811        6.9326930438839356E+033
   52.088186910813263        6.9297982342250300E+033
   52.127901749193711        6.9269077189336977E+033
   52.167614468159364        6.9240214878044817E+033
   52.207325071170963        6.9211395310186287E+033
   52.247033561762429        6.9182618391580956E+033
   52.286739943548064        6.9153884032170566E+033
   52.326444220228545        6.9125192146103518E+033
   52.366146395594903        6.9096542651784791E+033
   52.405846473531199        6.9067935471890487E+033
   52.445544458015014        6.9039370533343369E+033
   52.485240353116303        6.9010847767247419E+033
   52.524934162994015        6.8982367108778576E+033
   52.564625891891168        6.8953928497034338E+033
   52.604315544127758        6.8925531874836369E+033
   52.644003124091839        6.8897177188493059E+033
   52.683688636229157        6.8868864387515748E+033
   52.723372085031059        6.8840593424296792E+033
   52.763053475021138        6.8812364253747828E+033
   52.802732810740665        6.8784176832903796E+033
   52.842410096733580        6.8756031120494130E+033
   52.882085337530405        6.8727927076486927E+033
   52.921758537632407        6.8699864661611941E+033
   52.961429701495604        6.8671843836864798E+033
   53.001098833515371        6.8643864563001758E+033
   53.040765938012015        6.8615926800027374E+033
   53.080431019217123        6.8588030506683934E+033
   53.120094081261762        6.8560175639948225E+033
   53.159755128166339        6.8532362154540142E+033
   53.199414163832692        6.8504590002451423E+033
   53.239071192038452        6.8476859132498105E+033
   53.278726216434123        6.8449169489904174E+033
   53.318379240542797        6.8421521015918882E+033
   53.358030267763063        6.8393913647472765E+033
   53.397679301374488        6.8366347316877537E+033
   53.437326344546577        6.8338821951570462E+033
   53.476971400350671        6.8311337473905333E+033
   53.516614471774524        6.8283893800995428E+033
   53.556255561740080        6.8256490844602282E+033
   53.595894673123667        6.8229128511077354E+033
   53.635531808778765        6.8201806701349188E+033
   53.675166971560749        6.8174525310961230E+033
   53.714800164353733        6.8147284230150958E+033
   53.754431390099029        6.8120083343973113E+033
   53.794060651824573        6.8092922532461902E+033
   53.833687952675326        6.8065801670826425E+033
   53.873313295943994        6.8038720629679157E+033
   53.912936685102231        6.8011679275289561E+033
   53.952558123831089        6.7984677469860541E+033
   53.992177616051116        6.7957715071821762E+033
   54.031795165951458        6.7930791936136761E+033
   54.071410778017558        6.7903907914617631E+033
   54.111024457057297        6.7877062856244361E+033
   54.150636208225372        6.7850256607484422E+033
   54.190246037045540        6.7823489012608788E+033
   54.229853949430719        6.7796759914000290E+033
   54.269459951700689        6.7770069152452932E+033
   54.309064050597350        6.7743416567458667E+033
   54.348666253297331        6.7716801997478709E+033
   54.388266567422342        6.7690225280200504E+033
   54.427865001046740        6.7663686252775424E+033
   54.467461562703150        6.7637184752039583E+033
   54.507056261385209        6.7610720614717495E+033
   54.546649106548358        6.7584293677604531E+033
   54.586240108108747        6.7557903777734927E+033
   54.625829276439838        6.7531550752531565E+033
   54.665416622367850        6.7505234439939811E+033
   54.705002157165183        6.7478954678546930E+033
   54.744585892542759        6.7452711307689678E+033
   54.784167840641238        6.7426504167548855E+033
   54.823748014021319        6.7400333099234168E+033
   54.863326425653099        6.7374197944862541E+033
   54.902903088904921        6.7348098547628578E+033
   54.942478017531741        6.7322034751869095E+033
   54.982051225663206        6.7296006403125261E+033
   55.021622727791389        6.7270013348202228E+033
   55.061192538758220        6.7244055435226326E+033
   55.100760673743174        6.7218132513702215E+033
   55.140327148250307        6.7192244434569065E+033
   55.179891978095554        6.7166391050258920E+033
   55.219455179393769        6.7140572214751848E+033
   55.259016768545500        6.7114787783635440E+033
   55.298576762223490        6.7089037614160996E+033
   55.338135177358907        6.7063321565298960E+033
   55.377692031126777        6.7037639497793928E+033
   55.417247340931020        6.7011991274216239E+033
   55.456801124388562        6.6986376759008021E+033
   55.496353399312447        6.6960795818525382E+033
   55.535904183693674        6.6935248321073590E+033
   55.575453495682083        6.6909734136930843E+033
   55.615001353565106        6.6884253138366244E+033
   55.654547775745399        6.6858805199642441E+033
   55.694092780715955        6.6833390197006615E+033
   55.733636387033947        6.6808008008668519E+033
   55.773178613291954        6.6782658514761752E+033
   55.812719478087018        6.6757341597291808E+033
   55.852258999987626        6.6732057140067983E+033
   55.891797197498391        6.6706805028621291E+033
   55.931334089022634        6.6681585150110230E+033
   55.970869692822781        6.6656397393215422E+033
   56.010404026979295        6.6631241648025643E+033
   56.049937109347546        6.6606117805920400E+033
   56.089468957514015        6.6581025759452054E+033
   56.128999588751093        6.6555965402231177E+033
   56.168529019971871        6.6530936628823236E+033
   56.208057267684595        6.6505939334657823E+033
   56.247584347947765        6.6480973415960831E+033
   56.287110276326331        6.6456038769709973E+033
   56.326635067849018        6.6431135293622493E+033
   56.366158736967684        6.6406262886176295E+033
   56.405681297518726        6.6381421446670673E+033
   56.445202762687408        6.6356610875325424E+033
   56.484723144974346        6.6331831073420619E+033
   56.524242456165354        6.6307081943477967E+033
   56.563760707303601        6.6282363389476203E+033
   56.603277908665234        6.6257675317100481E+033
   56.642794069736823        6.6233017634016833E+033
   56.682309199195430        6.6208390250165972E+033
   56.721823304890307        6.6183793078063662E+033
   56.761336393826298        6.6159226033102434E+033
   56.800848472147635        6.6134689033837642E+033
   56.840359545122581        6.6110182002252310E+033
   56.879869617127738        6.6085704863983382E+033
   56.919378691632261        6.6061257548505611E+033
   56.958886771180829        6.6036839989257323E+033
   56.998393857376051        6.6012452123704090E+033
   57.037899950859895        6.5988093893334914E+033
   57.077405051294079        6.5963765243585019E+033
   57.116909157340302        6.5939466123687098E+033
   57.156412266640480        6.5915196486453720E+033
   57.195914375797472        6.5890956287993086E+033
   57.235415480357851        6.5866745487369666E+033
   57.274915574797028        6.5842564046220437E+033
   57.314414652508169        6.5818411928334992E+033
   57.353912705796553        6.5794289099219962E+033
   57.393409725879337        6.5770195525658628E+033
   57.432905702893251        6.5746131175286731E+033
   57.472400625910780        6.5722096016195648E+033
   57.511894482965594        6.5698090016582153E+033
   57.551387261088337        6.5674113144458497E+033
   57.590878946353662        6.5650165367432900E+033
   57.630369523938015        6.5626246652572368E+033
   57.669858978189254        6.5602356966353656E+033
   57.709347292707264        6.5578496274707137E+033
   57.748834450435233        6.5554664543152919E+033
   57.788320433761015        6.5530861737025718E+033
   57.827805224627404        6.5507087821785367E+033
   57.867288804650002        6.5483342763400897E+033
   57.906771155241699        6.5459626528796858E+033
   57.946252257741278        6.5435939086349108E+033
   57.985732093545387        6.5412280406413074E+033
   58.025210644241554        6.5388650461867741E+033
   58.064687891740334        6.5365049228657966E+033
   58.104163818405191        6.5341476686317110E+033
   58.143638407178351        6.5317932818452601E+033
   58.183111641700691        6.5294417613180008E+033
   58.222583506424542        6.5270931063487471E+033
   58.262053986718165        6.5247473167523813E+033
   58.301523068960762        6.5224043928794836E+033
   58.340990740627070        6.5200643356263158E+033
   58.380456990361239        6.5177271464348806E+033
   58.419921808039369        6.5153928272825570E+033
   58.459385184820640        6.5130613806618092E+033
   58.498847113187090        6.5107328095504778E+033
   58.538307586972401        6.5084071173731662E+033
   58.577766601379757        6.5060843079550386E+033
   58.617224152989728        6.5037643854692915E+033
   58.656680239758202        6.5014473543795792E+033
   58.696134861005710        6.4991332193793173E+033
   58.735588017398229        6.4968219853291604E+033
   58.775039710920467        6.4945136571948812E+033
   58.814489944841746        6.4922082399869114E+033
   58.853938723675839        6.4899057387032501E+033
   58.893386053134378        6.4876061582772633E+033
   58.932831940074735        6.4853095035314915E+033
   58.972276392442417        6.4830157791382942E+033
   59.011719419208561        6.4807249895881197E+033
   59.051161030302346        6.4784371391655161E+033
   59.090601236539072        6.4761522319328644E+033
   59.130040049543766        6.4738702717215835E+033
   59.169477481670967        6.4715912621297638E+033
   59.208913545921170        6.4693152065254314E+033
   59.248348255854388        6.4670421080542635E+033
   59.287781625501815        6.4647719696502216E+033
   59.327213669276460        6.4625047940475985E+033
   59.366644401883626        6.4602405837931773E+033
   59.406073838232828        6.4579793412569020E+033
   59.445501993352160        6.4557210686399790E+033
   59.484928882306441        6.4534657679789137E+033
   59.524354520120937        6.4512134411455641E+033
   59.563778921711460        6.4489640898417001E+033
   59.603202101822014        6.4467177155889001E+033
   59.642624074971579        6.4444743197132268E+033
   59.682044855410354        6.4422339033259501E+033
   59.721464457085922        6.4399964673004876E+033
   59.760882893619659        6.4377620122472709E+033
   59.800300178293540        6.4355305384874705E+033
   59.839716324046279        6.4333020460271761E+033
   59.879131343478100        6.4310765345335877E+033
   59.918545248863630        6.4288540033147576E+033
   59.957958052170653        6.4266344513043889E+033
   59.997369765083455        6.4244178770528756E+033
   60.036780399029425        6.4222042787264796E+033
   60.076189965206090        6.4199936541148304E+033
   60.115598474607900        6.4177860006484267E+033
   60.155005938049769        6.4155813154263187E+033
   60.194412366187017        6.4133795952545724E+033
   60.233817769529075        6.4111808366957581E+033
   60.273222158446607        6.4089850361292228E+033
   60.312625543170711        6.4067921898220694E+033
   60.352027933783759        6.4046022940103990E+033
   60.391429340201448        6.4024153449898228E+033
   60.430829772146168        6.4002313392148133E+033
   60.470229239111987        6.3980502734053317E+033
   60.509627750321712        6.3958721446598575E+033
   60.549025314676676        6.3936969505732304E+033
   60.588421940700663        6.3915246893576668E+033
   60.627817636478063        6.3893553599655313E+033
   60.667212409588693        6.3871889622116023E+033
   60.706606267039284        6.3850254968933903E+033
   60.745999215193336        6.3828649659070880E+033
   60.785391259700674        6.3807073723574657E+033
   60.824782405427086        6.3785527206594656E+033
   60.864172656386131        6.3764010166294465E+033
   60.903562015672733        6.3742522675642763E+033
   60.942950485400807        6.3721064823062507E+033
   60.982338066644310        6.3699636712919483E+033
   61.021724759383538        6.3678238465835914E+033
   61.061110562456662        6.3656870218813761E+033
   61.100495473516808        6.3635532125153976E+033
   61.139879488996037        6.3614224354163141E+033
   61.179262604075682        6.3592947090639180E+033
   61.218644812663932        6.3571700534132111E+033
   61.258026107381092        6.3550484897977261E+033
   61.297406479552265        6.3529300408104046E+033
   61.336785919208793        6.3508147301624987E+033
   61.376164415097193        6.3487025825214651E+033
   61.415541954697346        6.3465936233290959E+033
   61.454918524248896        6.3444878786015732E+033
   61.494294108786740        6.3423853747134176E+033
