   0.0000000000000000        43636964.944296867     
   3.8337002949891548E-003   38896021.557349049     
   6.9512812310700070E-003   35451523.547191210     
   1.0118903343305894E-002   32283004.124156166     
   1.3337651218844913E-002   29407870.332335178     
   1.6609454325148994E-002   26810260.164621960     
   1.9936558250478985E-002   24464198.264122184     
   2.3218535323661308E-002   22403886.553961620     
   2.5502579815349504E-002   21100977.863404654     
   2.7813942432671050E-002   19881008.605934676     
   3.0153384086680252E-002   18737924.701972604     
   3.2540238608388790E-002   17658228.217380870     
   3.4992419473116050E-002   16631892.448065193     
   3.7511002974435104E-002   15657411.787212374     
   4.0078535770540075E-002   14739609.087961245     
   4.2695909211506344E-002   13875509.309393583     
   4.5356110523440213E-002   13064603.199391723     
   4.8056402137717467E-002   12304660.492890583     
   5.0799041578378258E-002   11592110.883017514     
   5.3582293466736979E-002   10924632.919665685     
   5.6407523071827760E-002   10299245.748949505     
   5.9276173069883337E-002   9713149.5554196816     
   6.2189806844948618E-002   9164434.7729578428     
   6.5150233996513901E-002   8650556.9997891188     
   6.8159326398892342E-002   8168431.5526434416     
   7.1219041117406984E-002   7715904.3463159082     
   7.4331496885963605E-002   7291307.3523781253     
   7.7499045533321820E-002   6893356.2791970959     
   8.0724228659586811E-002   6519632.9723578719     
   8.4009647978998042E-002   6168352.4242503513     
   8.7358124206297530E-002   5838110.8408322213     
   9.0772687423055554E-002   5527245.3537272420     
   9.4256464780152732E-002   5233874.0362087758     
   9.7812873337940059E-002   4958256.0440931208     
  0.10144608486309069        4699255.2646328267     
  0.10516061944256422        4455684.9293040754     
  0.10896166529503286        4227398.4234074410     
  0.11285529501217793        4013285.9510633117     
  0.11684824728452659        3812038.8887191927     
  0.12094801989206296        3622426.6550503187     
  0.12516297225084461        3443571.7203299152     
  0.12950276761593052        3275044.6356109208     
  0.13397889202508600        3116205.8821693575     
  0.13860480457741242        2966282.8387080175     
  0.14339662733564815        2825098.7004323807     
  0.14837424214405390        2692084.5067139212     
  0.15356230163998469        2566729.7922912119     
  0.15897338538990427        2449578.2215192323     
  0.16437856692443878        2356720.8333214517     
  0.16971505969208686        2276070.7049359330     
  0.17498624248757791        2202237.5309705925     
  0.18019419900279801        2135343.3262008596     
  0.18534092705946781        2074150.2484471926     
  0.19044434715011654        2018280.6675656580     
  0.19561600423921557        1964777.5496322196     
  0.20092395826720685        1912735.8142305503     
  0.20640441549361138        1861147.4183494672     
  0.21201580691449676        1809730.9653175510     
  0.21775751878452390        1758011.9714860388     
  0.22371680284617901        1705050.0266288009     
  0.22982412443325645        1651541.1341458501     
  0.23607734750605830        1597657.7924879412     
  0.24251757440650037        1543016.4581878216     
  0.24913042251757878        1487438.8362324166     
  0.25592047281026864        1430483.2411688589     
  0.26294032790256822        1368481.4707377949     
  0.27016339106562565        1306394.7955321558     
  0.27756441083182837        1248833.5642803705     
  0.28519245053704789        1194345.0523811760     
  0.29305859775653820        1138930.6178056621     
  0.30104932513800364        1086721.2771407648     
  0.30899380350564215        1037858.9258618016     
  0.31669602857429507        1114894.7312153538     
  0.32436320027121041        1425970.0795165540     
  0.33350938203868408        1430565.6570468987     
  0.34289688144404867        1451571.4219386561     
  0.35259130895690349        1478649.9361109356     
  0.36254920530976698        1502267.5823310486     
  0.37276489116157668        1512163.9566829186     
  0.38329923347662126        1520646.9552738436     
  0.39412565080272577        1530442.5856577340     
  0.40532851363765976        1542256.6707515770     
  0.41687593653697130        1552873.5981190605     
  0.42878361979148166        1561661.3632097573     
  0.44106614148815326        1567296.0040040286     
  0.45369458144010566        1570154.2505519087     
  0.46667433648470169        1571258.9255211875     
  0.48014943671345378        1571613.0608765639     
  0.49401692064276909        1571360.9589624142     
  0.50833799259506429        1568142.7598583230     
  0.52313725784011467        1560285.7764434428     
  0.53832075024273052        1548876.5382143781     
  0.55398626564894848        1535248.2685524789     
  0.57014814861298879        1520901.3791870975     
  0.58680188498219121        1507867.8011339537     
  0.60405279119154964        1494119.9565853842     
  0.62174920025384051        1480386.4703788548     
  0.64005896520632954        1466281.6090846246     
  0.65891336730044980        1450961.3921275747     
  0.67832833648076307        1438425.9311983290     
  0.69840030849285295        1431985.8165079537     
  0.71909499446211622        1421337.3828581134     
  0.74050946865508760        1394106.4679728057     
  0.76253857371755163        1357922.0026655775     
  0.78535047096822763        1323692.6322084004     
  0.80882878834090399        1292874.0403061979     
  0.83298861122907730        1261934.9938871108     
  0.85790645763124185        1227312.2352313336     
  0.88348778336022682        1189366.0856710321     
  0.90993132962626466        1149471.4030499521     
  0.93708773216952668        1109063.1576860754     
  0.96516000646245559        1067889.2346944262     
  0.99413999025021216        1025380.8390049645     
   1.0239301994830201        982401.75064801343     
   1.0546545284898978        942868.32045173075     
   1.0861325668569581        906715.50667409995     
   1.1187421934267274        869269.05442023755     
   1.1521162329090788        839988.78361305769     
   1.1865880249826990        818873.94379015232     
   1.2219637444248335        805306.51817650825     
   1.2582551006056142        806326.08815014397     
   1.2956338024088776        813147.16541414021     
   1.3340263787285513        806371.54154945700     
   1.3736093456658331        800843.90720956936     
   1.4141660286259996        815137.60020618502     
   1.4558639867482628        836952.55815513676     
   1.4985974829998665        853450.26830676349     
   1.5423203349690395        871572.23107604112     
   1.5872518194864744        882844.02610273496     
   1.6331695563222741        896443.77242769289     
   1.6804375894717500        898373.27332765853     
   1.7288509234807052        904535.24558819958     
   1.7783459904605483        926035.99678036768     
   1.8289496140325079        948219.76614048891     
   1.8807183529007863        960353.08833032486     
   1.9338495749991709        961261.93393821770     
   1.9879210637400948        958658.02269908471     
   2.0430850066975808        957612.43639264151     
   2.0996896199253881        960743.71978785133     
   2.1574137861052116        971806.82276040956     
   2.2162275781264702        986386.40686770587     
   2.2763435393944702        1008890.4391035992     
   2.3373292661301903        1042331.1051852872     
   2.3994248855939975        1101835.1124464269     
   2.4628499771136330        1158109.9184692425     
   2.5272614313418695        1208438.0056437931     
   2.5927485379257287        1245284.4589314917     
   2.6593355708777717        1248484.8903307507     
   2.7269054358661373        1251458.5199928917     
   2.7953528303732522        1259417.2855042566     
   2.8648725417040191        1263932.8336025104     
   2.9349852655435695        1253935.0648197250     
   3.0050712237265511        1233226.1056993459     
   3.0746937156732783        1205067.2559803652     
   3.1437251736371015        1177592.4855072836     
   3.2122321950456176        1140662.5716743306     
   3.2802248463970898        1080919.9316664308     
   3.3476815679672849        1005651.4692016339     
   3.4154847223376983        927542.09652619460     
   3.4848386099428321        853290.23310191790     
   3.5543892516919264        788156.77448313707     
   3.6235018152211058        733769.52713111206     
   3.6922409776297132        688881.80997119180     
   3.7606649407225388        651868.86361597572     
   3.8288236943785106        621444.79305195983     
   3.8967600498588482        596668.35695532477     
   3.9645109763920554        576777.05665765214     
   4.0321076409811187        561045.56190762110     
   4.0995754397844264        548752.32023534446     
   4.1669334035848804        539265.20420711988     
   4.2341950663665440        532079.17563816463     
   4.3013694180788686        526860.65260507225     
   4.3684619445506527        523402.19630441029     
   4.4354752486741091        521541.79590704857     
   4.5024093087420516        521077.69248786994     
   4.5692613751020996        521725.02464341669     
   4.6360258319638481        523133.43803754338     
   4.7026944868334324        524960.96137989894     
   4.7692574765927072        526943.04413308087     
   4.8357044134022438        528907.47067933739     
   4.9020252596677727        530750.87946394004     
   4.9682107878726773        532413.19163943955     
   5.0342527634578431        533861.65797276306     
   5.1001439859038502        535079.83376675029     
   5.1658782484413974        536059.42039968749     
   5.2314502579133144        536796.36626814667     
   5.2968555528118042        537290.46831223590     
   5.3620904352060510        537545.69999404158     
   5.4271519106696893        537569.57204438711     
   5.4920376268438567        537371.73599825602     
   5.5567458087494019        536962.66824546095     
   5.6212751946133581        536352.87034436816     
   5.6856249761916695        535552.57769940305     
   5.7497947454095604        534571.84123329737     
   5.8137844473905549        533420.86408756417     
   5.8775943390676808        532110.46327434981     
   5.9412249521227833        530652.48509959225     
   6.0046770587709632        529060.00622739096     
   6.0679516389979318        527347.22654451791     
   6.1310498483488516        525529.07036342658     
   6.1939729861204338        523620.60353542073     
   6.2567224645402293        521636.41153587447     
   6.3192997799579906        519590.06748050242     
   6.3817064870612308        517493.77140537772     
   6.4439441767815202        515358.18553490099     
   6.5060144581792461        513192.43958902586     
   6.5679189443560739        511004.24807199067     
   6.6296592422410976        508800.07746891404     
   6.6912369457595453        506585.32001396100     
   6.7526536315565879        504364.45494537445     
   6.8139108563207271        502141.19426392374     
   6.8750101549424061        499918.61268679850     
   6.9359530392317046        497699.25340918713     
   6.9967409973670547        495485.19980823086     
   7.0573754940772853        493278.12844494573     
   7.1178579707054608        491079.39024760580     
   7.1781898440135281        488890.14855178481     
   7.2383725038723474        486711.53086920892     
   7.2984073118645787        484544.70152198675     
   7.3582956031701716        482390.79864660674     
   7.4180386921892598        480250.77626366791     
   7.4776378798013319        478125.25761251745     
   7.5370944592950249        476014.48133508203     
   7.5964097193518327        473918.34279062762     
   7.6555849445473809        471836.47360860894     
   7.7146214149701020        469768.29998526559     
   7.7735204062825680        467713.05787802424     
   7.8322831905242403        465669.78171567677     
   7.8909110371320539        463637.29697042878     
   7.9494052134599054        461614.23769603734     
   8.0077669843739514        459599.09323364904     
   8.0659976109090863        457590.27592987451     
   8.1240983482536162        455586.19794178981     
   8.1820704434015408        453585.34722427768     
   8.2399151327723299        451586.35626012395     
   8.2976336400142188        449588.05964817171     
   8.3552271741478030        447589.53801584389     
   8.4126969281537907        445590.14672738215     
   8.4700440780633599        443589.52914804028     
   8.5272697825608610        441587.61514762999     
   8.5843751830735275        439584.60635659692     
   8.6413614042863554        437580.95066562190     
   8.6982295549948176        435577.30858695164     
   8.7549807292104358        433574.51380110666     
   8.8116160074282668        431573.53050950210     
   8.8681364579643205        429575.41027416481     
   8.9245431382787981        427581.25039290084     
   8.9808370962202737        425592.15559624357     
   9.0370193711322298        423609.20488596841     
   9.0930909947738687        421633.42481266998     
   9.1490529920301906        419665.76972053963     
   9.2049063814014271        417707.10901527846     
   9.2606521752754922        415758.22109110118     
   9.3162913799969331        413819.79293329088     
   9.3718249957593596        411892.42389265570     
   9.4272540163576526        409976.63192756538     
   9.4825794288380649        408072.86062977725     
   9.5378022130886020        406181.48550646793     
   9.5929233414105646        404302.81827371893     
   9.6479437781123814        402437.10832571960     
   9.7028644791630487        400584.54102715995     
   9.7576863919356800        398745.23295737756     
   9.8124104550648870        396919.22463596601     
   9.8670375984322920        395106.47150345298     
   9.9215687432876773        393306.83402560622     
   9.9760048025053685        391520.06780551298     
   10.030346680965813        389745.81460978737     
   10.084595276041998        387983.59526833653     
   10.138751478156740        386232.80540490866     
   10.192816171368541        384492.71478051832     
   10.246790233941951        382762.47064699495     
   10.300674538862928        381041.10503449384     
   10.354469954270350        379327.54553352075     
   10.408177343782379        377620.62898204889     
   10.461797566703062        375919.11747714743     
   10.515331478099482        374221.71617433312     
   10.568779928745002        372527.09234997042     
   10.622143764931312        370833.89521295112     
   10.675423828157950        369140.77600361372     
   10.728620954712401        367446.40800547757     
   10.781735975157487        365749.50616968365     
   10.834769713745036        364048.84605836950     
   10.887722987779323        362343.28173270071     
   10.940596606958643        360631.76206433645     
   10.993391372728508        358913.34481720539     
   11.046108077683959        357187.20784556511     
   11.098747505055451        355452.65695607284     
   11.151310428304305        353709.13034574076     
   11.203797610840287        351956.19991801371     
   11.256209805859013        350193.57006946509     
   11.308547756285593        348421.07466773957     
   11.360812194803380        346638.67288678169     
   11.413003843946495        344846.44433043117     
   11.465123416239946        343044.58354256477     
   11.517171614379725        341233.39374782977     
   11.569149131451384        339413.27964470274     
   11.621056651185627        337584.73922808666     
   11.672894848248177        335748.35471407208     
   11.724664388562381        333904.78252913582     
   11.776365929668104        332054.74219218816     
   11.828000121121560        330199.00414035039     
   11.879567604928772        328338.37722907902     
   11.931069015983059        326473.69730979262     
   11.982504982461268        324605.81821368332     
   12.033876126143021        322735.60536971455     
   12.085183062653627        320863.93079808273     
   12.136426401670509        318991.66755047487     
   12.187606747142988        317119.68256639701     
   12.238724697541612        315248.82889095001     
   12.289780846098035        313379.93972185883     
   12.340775780962984        311513.82641653827     
   12.391710085231981        309651.28033188352     
   12.442584336858566        307793.07572012150     
   12.493399108544592        305939.96993004705     
   12.544154967712934        304092.69888767460     
   12.594852476608015        302251.96931856906     
   12.645492192468573        300418.45205865230     
   12.696074667643025        298592.78091960156     
   12.746600449525610        296775.55856745242     
   12.797070080285016        294967.36654823209     
   12.847484096479961        293168.77380064590     
   12.897843028728348        291380.33870526287     
   12.948147401567688        289602.60366763215     
   12.998397733526701        287836.08601025393     
   13.048594537292983        286081.27151873766     
   13.098738319793295        284338.61562546168     
   13.148829582048824        282608.55262889888     
   13.198868818802676        280891.50827974762     
   13.248856518063196        279187.90862797393     
   13.298793160773323        277498.17980686028     
   13.348679220760559        275822.73852377187     
   13.398515164970199        274161.97853960173     
   13.448301453820164        272516.26113429945     
   13.498038541435227        270885.91578718112     
   13.547726875570399        269271.25186005514     
   13.597366897197936        267672.57584691519     
   13.646959039923095        266090.20514799602     
   13.696503729509669        264524.47041957377     
   13.746001383768997        262975.70398866129     
   13.795452412902357        261444.21897885087     
   13.844857220160675        259930.28909718673     
   13.894216202507689        258434.13974166915     
   13.943529750933184        256955.95663126410     
   13.992798250189894        255495.91041189618     
   14.042022077972080        254054.18810191480     
   14.091201603811415        252631.01825817756     
   14.140337188123491        251226.67826963798     
   14.189429181822611        249841.47875228405     
   14.238477926732370        248475.72900745537     
   14.287483756726415        247129.69527203019     
   14.336446999252567        245803.56687334718     
   14.385367976734546        244497.44300059351     
   14.434247007374346        243211.34548614288     
   14.483084405086139        241945.25351775406     
   14.531880478604593        240699.14811996531     
   14.580635530112627        239473.05052179776     
   14.629349853916548        238267.04048067640     
   14.678023735695637        237081.24750343073     
   14.726657452668695        235915.81722706617     
   14.775251274716309        234770.86375451073     
   14.823805466178031        233646.42360178044     
   14.872320287815244        232542.42652668891     
   14.920795998368934        231458.69306617932     
   14.969232855266199        230394.95994551515     
   15.017631114300196        229350.92548246443     
   15.065991028436624        228326.30061156399     
   15.114312846182386        227320.84925221957     
   15.162596810097073        226334.40500682051     
   15.210843155992103        225366.85852556693     
   15.259052069156636        224418.18786114655     
   15.307223593531987        223488.37821879965     
   15.355357930982738        222577.04369210495     
   15.403455301781969        221683.85171481679     
   15.451515927267666        220808.34081766353     
   15.499540030893019        219949.94127188958     
   15.547527838223541        219108.01759605182     
   15.595479575981795        218281.91988435920     
   15.643395470512019        217471.02895548928     
   15.691275746181738        216674.78309613821     
   15.739120624216095        215892.68055311707     
   15.786930322290626        215124.25965310473     
   15.834705054953075        214369.06494795106     
   15.882445034691418        213626.61113598302     
   15.930150473292013        212896.35594903812     
   15.977821583083987        212177.68931643068     
   16.025458577743215        211469.94052150709     
   16.073061672492550        210772.39970683138     
   16.120631083722742        210084.34657472582     
   16.168167028210341        209405.07826564283     
   16.215669722185286        208733.93001294939     
   16.263139380491587        208070.28535746757     
   16.310576216007767        207413.57621939824     
   16.357980439384583        206763.27585889932     
   16.405352259055899        206118.88905066217     
   16.452691881409869        205479.94356230480     
   16.499999510989166        204845.98564888717     
   16.547275350611514        204216.58040110988     
   16.594519601353422        203591.31606710711     
   16.641732462397020        202969.81037013279     
   16.688914130785758        202351.71654965289     
   16.736064801158093        201736.72726867176     
   16.783184665527799        201124.57538537416     
   16.830273913159566        200515.03154929672     
   16.877332730559122        199907.89936710667     
   16.924361301567910        199303.00932321875     
   16.971359807530956        198700.21269939898     
   17.018328427496375        198099.37648784276     
   17.065267338406255        197500.37986508437     
   17.112176715248093        196903.11233317610     
   17.159056731150962        196307.47325401066     
   17.205907557423661        195713.37227048824     
   17.252729363544596        195120.73004309327     
   17.299522317118942        194529.47880952814     
   17.346286583820781        193939.56245085996     
   17.393022327334851        193350.93596135330     
   17.439729709307976        192763.56441476729     
   17.486408889313751        192177.42165630552     
   17.533060024830075        191592.48900347503     
   17.579683271225459        191008.75421305178     
   17.626278781750251        190426.21088479113     
   17.672846707530773        189844.85835976826     
   17.719387197566366        189264.70206772708     
   17.765900398732761        188685.75420919806     
   17.812386455795735        188108.03463666714     
   17.858845511439551        187531.57181685956     
   17.905277706312319        186956.40379476003     
   17.951683179088352        186382.57911440916     
   17.998062066544861        185810.15766490286     
   18.044414503649246        185239.21140591693     
   18.090740623653087        184669.82489359632     
   18.137040558189948        184102.09549271537     
   18.183314437376314        183536.13314467025     
   18.229562389916467        182972.05957699541     
   18.275784543212367        182410.00689158033     
   18.321981023479665        181850.11554511244     
   18.368151955868335        181292.53181786367     
   18.414297464584816        180737.40493418425     
   18.460417673009363        180184.88403252460     
   18.506512703801430        179635.11517863360     
   18.552582678985811        179088.23857558472     
   18.598627720013887        178544.38606429528     
   18.644647947796539        178003.67894572014     
   18.690643482709106        177466.22610885435     
   18.736614444571121        176932.12242816182     
   18.782560952605937        176401.44740261423     
   18.828483125385702        175874.26403780290     
   18.874381080767140        175350.61801131885     
   18.920254935821681        174830.53719183709     
   18.966104806762448        174314.03159410015     
   19.011930808868556        173801.09383747651     
   19.057733056406857        173291.70013698321     
   19.103511662551206        172785.81180248677     
   19.149266739300028        172283.37716550092     
   19.194998397394627        171784.33380908982     
   19.240706746241269        171288.61095243978     
   19.286391893841092        170796.13184271654     
   19.332053946731790        170306.81602919541     
   19.377693009944025        169820.58142994650     
   19.423309186974343        169337.34613990138     
   19.468902579774454        168857.02996057010     
   19.514473288756268        168379.55565165612     
   19.560021412809807        167904.84991220676     
   19.605547049332184        167432.84409793915     
   19.651050294265083        166963.47467805416     
   19.696531242138711        166496.68343499355     
   19.741990079793997        166032.51722733618     
   19.787427053165164        165570.75425784566     
   19.832842260799652        165111.42074875621     
   19.878235798090710        164654.47722993873     
